#YY  MM DD hh mm WDIR WSPD GST  WVHT   DPD   APD MWD   PRES  ATMP  WTMP  DEWP  VIS  TIDE
2020 01 01 00 00 999  2.1  3.1 99.00 99.00 99.00 999 9999.0  13.7 999.0 999.0 99.0 99.00
2020 01 01 01 00 999  4.6  5.7 99.00 99.00 99.00 999 9999.0  13.7 999.0 999.0 99.0 99.00
2020 01 01 02 00 999  4.1  5.7 99.00 99.00 99.00 999 9999.0  13.6 999.0 999.0 99.0 99.00
2020 01 01 03 00 999  3.1  4.1 99.00 99.00 99.00 999 9999.0  13.5 999.0 999.0 99.0 99.00
2020 01 01 04 00 999  1.0  2.1 99.00 99.00 99.00 999 9999.0  13.3 999.0 999.0 99.0 99.00
2020 01 01 05 00 999  1.0  2.1 99.00 99.00 99.00 999 9999.0  13.4 999.0 999.0 99.0 99.00
2020 01 01 06 00 999  2.1  3.1 99.00 99.00 99.00 999 9999.0  13.4 999.0 999.0 99.0 99.00
2020 01 01 07 00 999  2.6  3.6 99.00 99.00 99.00 999 9999.0  13.2 999.0 999.0 99.0 99.00
2020 01 01 08 00 999  1.5  2.1 99.00 99.00 99.00 999 9999.0  13.1 999.0 999.0 99.0 99.00
2020 01 01 09 00 999  1.5  2.6 99.00 99.00 99.00 999 9999.0  12.8 999.0 999.0 99.0 99.00
2020 01 01 10 00 999  0.0  1.0 99.00 99.00 99.00 999 9999.0  12.7 999.0 999.0 99.0 99.00
2020 01 01 11 00 999  2.6  3.1 99.00 99.00 99.00 999 9999.0  12.7 999.0 999.0 99.0 99.00
2020 01 01 12 00 999  2.6  3.1 99.00 99.00 99.00 999 9999.0  12.8 999.0 999.0 99.0 99.00
2020 01 01 13 00 999  4.6  5.1 99.00 99.00 99.00 999 9999.0  12.7 999.0 999.0 99.0 99.00
2020 01 01 14 00 999  5.1  5.7 99.00 99.00 99.00 999 9999.0  12.6 999.0 999.0 99.0 99.00
2020 01 01 15 00 999  5.1  5.7 99.00 99.00 99.00 999 9999.0  12.7 999.0 999.0 99.0 99.00
2020 01 01 16 00 999  5.7  6.7 99.00 99.00 99.00 999 9999.0  12.6 999.0 999.0 99.0 99.00
2020 01 01 17 00 999  6.7  7.2 99.00 99.00 99.00 999 9999.0  12.6 999.0 999.0 99.0 99.00
2020 01 01 18 00 999  6.2  7.2 99.00 99.00 99.00 999 9999.0  12.5 999.0 999.0 99.0 99.00
2020 01 01 19 00 999  5.7  6.2 99.00 99.00 99.00 999 9999.0  12.6 999.0 999.0 99.0 99.00
2020 01 01 20 00 999  6.2  6.7 99.00 99.00 99.00 999 9999.0  13.0 999.0 999.0 99.0 99.00
2020 01 01 21 00 999  5.1  5.7 99.00 99.00 99.00 999 9999.0  13.6 999.0 999.0 99.0 99.00
2020 01 01 22 00 999  5.1  6.2 99.00 99.00 99.00 999 9999.0  13.6 999.0 999.0 99.0 99.00
2020 01 01 23 00 999  7.2  8.2 99.00 99.00 99.00 999 9999.0  13.6 999.0 999.0 99.0 99.00
2020 01 02 00 00 999  7.2  8.2 99.00 99.00 99.00 999 9999.0  13.7 999.0 999.0 99.0 99.00
2020 01 02 01 00 999  8.2  9.8 99.00 99.00 99.00 999 9999.0  13.8 999.0 999.0 99.0 99.00
2020 01 02 02 00 999  8.8  9.8 99.00 99.00 99.00 999 9999.0  13.8 999.0 999.0 99.0 99.00
2020 01 02 03 00 999  9.3 10.8 99.00 99.00 99.00 999 9999.0  13.3 999.0 999.0 99.0 99.00
2020 01 02 04 00 999 10.8 12.4 99.00 99.00 99.00 999 9999.0  12.8 999.0 999.0 99.0 99.00
2020 01 02 05 00 999  8.8 10.8 99.00 99.00 99.00 999 9999.0  13.4 999.0 999.0 99.0 99.00
2020 01 02 06 00 999  8.8  9.8 99.00 99.00 99.00 999 9999.0  12.9 999.0 999.0 99.0 99.00
2020 01 02 08 00 999  6.7  9.3 99.00 99.00 99.00 999 9999.0  13.8 999.0 999.0 99.0 99.00
2020 01 02 09 00 999  8.2  9.8 99.00 99.00 99.00 999 9999.0  14.7 999.0 999.0 99.0 99.00
2020 01 02 10 00 999  8.8 10.3 99.00 99.00 99.00 999 9999.0  17.0 999.0 999.0 99.0 99.00
2020 01 02 11 00 999  8.8 10.3 99.00 99.00 99.00 999 9999.0  18.5 999.0 999.0 99.0 99.00
2020 01 02 12 00 999  3.6  7.2 99.00 99.00 99.00 999 9999.0  18.3 999.0 999.0 99.0 99.00
2020 01 02 13 00 999  4.1  6.2 99.00 99.00 99.00 999 9999.0  19.0 999.0 999.0 99.0 99.00
2020 01 02 14 00 999  3.6  6.2 99.00 99.00 99.00 999 9999.0  18.7 999.0 999.0 99.0 99.00
2020 01 02 15 00 999  5.7  7.2 99.00 99.00 99.00 999 9999.0  18.9 999.0 999.0 99.0 99.00
2020 01 02 16 00 999  3.6  5.7 99.00 99.00 99.00 999 9999.0  18.9 999.0 999.0 99.0 99.00
2020 01 02 17 00 999  4.1  5.7 99.00 99.00 99.00 999 9999.0  19.1 999.0 999.0 99.0 99.00
2020 01 02 18 00 999  6.7  8.8 99.00 99.00 99.00 999 9999.0  19.0 999.0 999.0 99.0 99.00
2020 01 02 19 00 999  5.7  7.2 99.00 99.00 99.00 999 9999.0  20.9 999.0 999.0 99.0 99.00
2020 01 02 20 00 999  5.7  6.2 99.00 99.00 99.00 999 9999.0  21.1 999.0 999.0 99.0 99.00
2020 01 02 21 00 999  6.7  8.2 99.00 99.00 99.00 999 9999.0  22.5 999.0 999.0 99.0 99.00
2020 01 02 22 00 999  9.3 11.3 99.00 99.00 99.00 999 9999.0  22.4 999.0 999.0 99.0 99.00
2020 01 02 23 00 999  8.2 10.3 99.00 99.00 99.00 999 9999.0  22.5 999.0 999.0 99.0 99.00
2020 01 03 00 00 999  8.8 10.3 99.00 99.00 99.00 999 9999.0  22.8 999.0 999.0 99.0 99.00
2020 01 03 01 00 999  5.1  6.7 99.00 99.00 99.00 999 9999.0  18.9 999.0 999.0 99.0 99.00
2020 01 03 02 00 999  3.1  4.1 99.00 99.00 99.00 999 9999.0  18.8 999.0 999.0 99.0 99.00
2020 01 03 03 00 999  2.1  3.1 99.00 99.00 99.00 999 9999.0  16.0 999.0 999.0 99.0 99.00
2020 01 03 04 00 999  1.5  3.6 99.00 99.00 99.00 999 9999.0  16.2 999.0 999.0 99.0 99.00
2020 01 03 05 00 999  1.5  2.1 99.00 99.00 99.00 999 9999.0  15.7 999.0 999.0 99.0 99.00
2020 01 03 06 00 999  5.7  7.7 99.00 99.00 99.00 999 9999.0  15.7 999.0 999.0 99.0 99.00
2020 01 03 07 00 999  5.1  6.7 99.00 99.00 99.00 999 9999.0  15.5 999.0 999.0 99.0 99.00
2020 01 03 08 00 999  4.6  5.7 99.00 99.00 99.00 999 9999.0  15.6 999.0 999.0 99.0 99.00
2020 01 03 09 00 999  5.1  7.2 99.00 99.00 99.00 999 9999.0  15.4 999.0 999.0 99.0 99.00
2020 01 03 10 00 999  3.6  4.6 99.00 99.00 99.00 999 9999.0  15.1 999.0 999.0 99.0 99.00
2020 01 03 11 00 999  3.1  3.6 99.00 99.00 99.00 999 9999.0  15.4 999.0 999.0 99.0 99.00
2020 01 03 12 00 999  2.1  3.6 99.00 99.00 99.00 999 9999.0  14.9 999.0 999.0 99.0 99.00
2020 01 03 13 00 999  3.6  4.1 99.00 99.00 99.00 999 9999.0  14.6 999.0 999.0 99.0 99.00
2020 01 03 15 00 999  4.1  5.7 99.00 99.00 99.00 999 9999.0  14.1 999.0 999.0 99.0 99.00
2020 01 03 16 00 999  4.6  5.7 99.00 99.00 99.00 999 9999.0  13.9 999.0 999.0 99.0 99.00
2020 01 03 17 00 999  4.6  6.2 99.00 99.00 99.00 999 9999.0  13.4 999.0 999.0 99.0 99.00
2020 01 03 18 00 999  5.7  6.7 99.00 99.00 99.00 999 9999.0  13.4 999.0 999.0 99.0 99.00
2020 01 03 19 00 999  2.1  3.1 99.00 99.00 99.00 999 9999.0  13.8 999.0 999.0 99.0 99.00
2020 01 03 20 00 999  3.6  4.1 99.00 99.00 99.00 999 9999.0  14.1 999.0 999.0 99.0 99.00
2020 01 03 21 00 999  3.6  3.6 99.00 99.00 99.00 999 9999.0  15.0 999.0 999.0 99.0 99.00
2020 01 03 22 00 999  0.0  0.5 99.00 99.00 99.00 999 9999.0  17.3 999.0 999.0 99.0 99.00
2020 01 03 23 00 999  0.5  1.5 99.00 99.00 99.00 999 9999.0  16.5 999.0 999.0 99.0 99.00
2020 01 04 00 00 999  1.0  2.1 99.00 99.00 99.00 999 9999.0  15.6 999.0 999.0 99.0 99.00
2020 01 04 01 00 999  1.0  2.1 99.00 99.00 99.00 999 9999.0  15.4 999.0 999.0 99.0 99.00
2020 01 04 02 00 999  2.6  4.1 99.00 99.00 99.00 999 9999.0  15.3 999.0 999.0 99.0 99.00
2020 01 04 03 00 999  1.5  2.6 99.00 99.00 99.00 999 9999.0  15.5 999.0 999.0 99.0 99.00
2020 01 04 04 00 999  2.6  3.1 99.00 99.00 99.00 999 9999.0  15.7 999.0 999.0 99.0 99.00
2020 01 04 05 00 999  6.2  8.2 99.00 99.00 99.00 999 9999.0  16.1 999.0 999.0 99.0 99.00
2020 01 04 06 00 999  8.2 10.8 99.00 99.00 99.00 999 9999.0  14.6 999.0 999.0 99.0 99.00
2020 01 04 07 00 999  9.3 11.8 99.00 99.00 99.00 999 9999.0  13.9 999.0 999.0 99.0 99.00
2020 01 04 08 00 999  9.8 12.4 99.00 99.00 99.00 999 9999.0  13.3 999.0 999.0 99.0 99.00
2020 01 04 09 00 999  9.8 12.9 99.00 99.00 99.00 999 9999.0  12.7 999.0 999.0 99.0 99.00
2020 01 04 10 00 999  7.7 10.8 99.00 99.00 99.00 999 9999.0  12.2 999.0 999.0 99.0 99.00
2020 01 04 11 00 999  7.7 10.8 99.00 99.00 99.00 999 9999.0  11.8 999.0 999.0 99.0 99.00
2020 01 04 12 00 999  7.7 10.3 99.00 99.00 99.00 999 9999.0  11.3 999.0 999.0 99.0 99.00
2020 01 04 13 00 999  5.7  9.8 99.00 99.00 99.00 999 9999.0  10.5 999.0 999.0 99.0 99.00
2020 03 04 13 00 999  5.7  9.8 99.00 99.00 99.00 999 9999.0  10.5 999.0 999.0 99.0 99.00
2020 03 14 05 00 999  6.2  6.7 99.00 99.00 99.00 999 9999.0  19.1 999.0 999.0 99.0 99.00
2020 03 14 06 00 999  5.7  6.7 99.00 99.00 99.00 999 9999.0  18.9 999.0 999.0 99.0 99.00
2020 03 14 07 00 999  6.2  7.2 99.00 99.00 99.00 999 9999.0  19.0 999.0 999.0 99.0 99.00
2020 03 14 08 00 999  6.2  6.7 99.00 99.00 99.00 999 9999.0  18.9 999.0 999.0 99.0 99.00
2020 03 14 09 00 999  6.2  6.7 99.00 99.00 99.00 999 9999.0  18.8 999.0 999.0 99.0 99.00
2020 03 14 10 00 999  6.2  7.2 99.00 99.00 99.00 999 9999.0  18.8 999.0 999.0 99.0 99.00
2020 03 14 11 00 999  5.7  6.2 99.00 99.00 99.00 999 9999.0  18.6 999.0 999.0 99.0 99.00
2020 03 14 12 00 999  4.6  5.1 99.00 99.00 99.00 999 9999.0  18.5 999.0 999.0 99.0 99.00
2020 03 14 13 00 999  4.6  5.7 99.00 99.00 99.00 999 9999.0  18.6 999.0 999.0 99.0 99.00
2020 03 14 14 00 999  6.2  7.2 99.00 99.00 99.00 999 9999.0  18.3 999.0 999.0 99.0 99.00
2020 03 14 15 00 999  5.7  6.7 99.00 99.00 99.00 999 9999.0  17.7 999.0 999.0 99.0 99.00
2020 03 14 16 00 999  5.1  6.2 99.00 99.00 99.00 999 9999.0  17.8 999.0 999.0 99.0 99.00
2020 03 14 17 00 999  4.1  5.1 99.00 99.00 99.00 999 9999.0  18.1 999.0 999.0 99.0 99.00
2020 03 14 18 00 999  3.6  4.1 99.00 99.00 99.00 999 9999.0  18.4 999.0 999.0 99.0 99.00
2020 03 14 19 00 999  2.6  3.6 99.00 99.00 99.00 999 9999.0  18.2 999.0 999.0 99.0 99.00
2020 03 14 20 00 999  3.6  3.6 99.00 99.00 99.00 999 9999.0  18.8 999.0 999.0 99.0 99.00
2020 03 14 21 00 999  4.1  4.6 99.00 99.00 99.00 999 9999.0  18.7 999.0 999.0 99.0 99.00
2020 03 14 22 00 999  4.6  5.1 99.00 99.00 99.00 999 9999.0  18.4 999.0 999.0 99.0 99.00
2020 03 14 23 00 999  4.6  5.1 99.00 99.00 99.00 999 9999.0  18.1 999.0 999.0 99.0 99.00
2020 03 15 00 00 999  5.7  6.2 99.00 99.00 99.00 999 9999.0  17.9 999.0 999.0 99.0 99.00
2020 03 15 01 00 999  5.7  6.7 99.00 99.00 99.00 999 9999.0  17.5 999.0 999.0 99.0 99.00
2020 03 15 02 00 999  6.2  6.7 99.00 99.00 99.00 999 9999.0  17.5 999.0 999.0 99.0 99.00
2020 03 15 03 00 999  5.1  5.1 99.00 99.00 99.00 999 9999.0  17.8 999.0 999.0 99.0 99.00
2020 03 15 04 00 999  5.7  6.2 99.00 99.00 99.00 999 9999.0  18.8 999.0 999.0 99.0 99.00
2020 03 15 05 00 999  8.2  8.8 99.00 99.00 99.00 999 9999.0  19.8 999.0 999.0 99.0 99.00
2020 03 15 06 00 999  7.2  8.2 99.00 99.00 99.00 999 9999.0  19.4 999.0 999.0 99.0 99.00
2020 03 15 07 00 999  8.2  9.3 99.00 99.00 99.00 999 9999.0  19.2 999.0 999.0 99.0 99.00
2020 03 15 08 00 999  6.2  7.2 99.00 99.00 99.00 999 9999.0  19.2 999.0 999.0 99.0 99.00
2020 03 15 09 00 999  4.6  5.7 99.00 99.00 99.00 999 9999.0  19.1 999.0 999.0 99.0 99.00
2020 03 15 10 00 999  0.0  1.5 99.00 99.00 99.00 999 9999.0  19.2 999.0 999.0 99.0 99.00
2020 03 15 11 00 999  1.5  2.1 99.00 99.00 99.00 999 9999.0  19.4 999.0 999.0 99.0 99.00
2020 03 15 12 00 999  1.0  1.5 99.00 99.00 99.00 999 9999.0  19.5 999.0 999.0 99.0 99.00
2020 03 15 13 00 999  2.6  2.6 99.00 99.00 99.00 999 9999.0  19.5 999.0 999.0 99.0 99.00
2020 03 15 14 00 999  3.6  3.6 99.00 99.00 99.00 999 9999.0  20.0 999.0 999.0 99.0 99.00
2020 03 15 15 00 999  3.6  3.6 99.00 99.00 99.00 999 9999.0  20.1 999.0 999.0 99.0 99.00
2020 03 15 16 00 999  4.6  5.1 99.00 99.00 99.00 999 9999.0  19.6 999.0 999.0 99.0 99.00
2020 03 15 17 00 999  3.6  4.1 99.00 99.00 99.00 999 9999.0  19.4 999.0 999.0 99.0 99.00
2020 03 15 18 00 999  3.1  3.6 99.00 99.00 99.00 999 9999.0  19.6 999.0 999.0 99.0 99.00
2020 03 15 19 00 999  3.1  3.6 99.00 99.00 99.00 999 9999.0  20.2 999.0 999.0 99.0 99.00
2020 03 15 20 00 999  4.1  4.6 99.00 99.00 99.00 999 9999.0  20.6 999.0 999.0 99.0 99.00
2020 03 15 21 00 999  3.6  4.1 99.00 99.00 99.00 999 9999.0  21.0 999.0 999.0 99.0 99.00
2020 03 15 22 00 999  3.1  3.1 99.00 99.00 99.00 999 9999.0  21.9 999.0 999.0 99.0 99.00
2020 03 15 23 00 999  2.1  3.1 99.00 99.00 99.00 999 9999.0  22.5 999.0 999.0 99.0 99.00
2020 03 16 00 00 999  4.6  5.7 99.00 99.00 99.00 999 9999.0  21.6 999.0 999.0 99.0 99.00
2020 03 16 01 00 999  5.1  5.7 99.00 99.00 99.00 999 9999.0  22.3 999.0 999.0 99.0 99.00
2020 03 16 02 00 999  4.1  4.6 99.00 99.00 99.00 999 9999.0  20.6 999.0 999.0 99.0 99.00
2020 03 16 03 00 999  3.6  4.1 99.00 99.00 99.00 999 9999.0  19.4 999.0 999.0 99.0 99.00
2020 03 16 04 00 999  5.1  5.1 99.00 99.00 99.00 999 9999.0  19.7 999.0 999.0 99.0 99.00
2020 03 16 05 00 999  3.1  3.6 99.00 99.00 99.00 999 9999.0  19.2 999.0 999.0 99.0 99.00
2020 03 16 06 00 999  3.6  4.1 99.00 99.00 99.00 999 9999.0  19.1 999.0 999.0 99.0 99.00
2020 03 16 07 00 999  2.6  3.1 99.00 99.00 99.00 999 9999.0  19.2 999.0 999.0 99.0 99.00
2020 03 16 08 00 999  3.1  4.1 99.00 99.00 99.00 999 9999.0  19.2 999.0 999.0 99.0 99.00
2020 03 16 09 00 999  3.1  3.6 99.00 99.00 99.00 999 9999.0  19.5 999.0 999.0 99.0 99.00
2020 03 16 10 00 999  1.5  2.6 99.00 99.00 99.00 999 9999.0  19.5 999.0 999.0 99.0 99.00
2020 03 16 11 00 999  2.1  2.6 99.00 99.00 99.00 999 9999.0  19.6 999.0 999.0 99.0 99.00
2020 03 16 12 00 999  1.5  1.5 99.00 99.00 99.00 999 9999.0  19.4 999.0 999.0 99.0 99.00
2020 03 16 13 00 999  4.6  5.1 99.00 99.00 99.00 999 9999.0  18.4 999.0 999.0 99.0 99.00
2020 03 16 14 00 999  4.6  5.1 99.00 99.00 99.00 999 9999.0  17.8 999.0 999.0 99.0 99.00
2020 03 16 15 00 999  4.6  5.1 99.00 99.00 99.00 999 9999.0  18.4 999.0 999.0 99.0 99.00
2020 03 16 16 00 999  4.1  4.6 99.00 99.00 99.00 999 9999.0  19.0 999.0 999.0 99.0 99.00
2020 03 16 17 00 999  5.7  6.2 99.00 99.00 99.00 999 9999.0  18.9 999.0 999.0 99.0 99.00
2020 03 16 18 00 999  5.7  6.7 99.00 99.00 99.00 999 9999.0  18.4 999.0 999.0 99.0 99.00
2020 03 16 19 00 999  4.1  4.6 99.00 99.00 99.00 999 9999.0  19.1 999.0 999.0 99.0 99.00
2020 03 16 20 00 999  3.6  4.1 99.00 99.00 99.00 999 9999.0  19.7 999.0 999.0 99.0 99.00
2020 03 16 21 00 999  3.6  4.1 99.00 99.00 99.00 999 9999.0  20.9 999.0 999.0 99.0 99.00
2020 03 16 22 00 999  3.6  4.1 99.00 99.00 99.00 999 9999.0  20.8 999.0 999.0 99.0 99.00
2020 03 16 23 00 999  4.1  4.6 99.00 99.00 99.00 999 9999.0  20.6 999.0 999.0 99.0 99.00
2020 03 17 00 00 999  4.6  4.6 99.00 99.00 99.00 999 9999.0  20.3 999.0 999.0 99.0 99.00
2020 03 17 01 00 999  4.6  5.1 99.00 99.00 99.00 999 9999.0  20.2 999.0 999.0 99.0 99.00
2020 03 17 02 00 999  4.6  6.2 99.00 99.00 99.00 999 9999.0  19.9 999.0 999.0 99.0 99.00
2020 03 17 03 00 999  5.7  6.7 99.00 99.00 99.00 999 9999.0  19.9 999.0 999.0 99.0 99.00
2020 03 17 04 00 999  6.2  7.2 99.00 99.00 99.00 999 9999.0  19.6 999.0 999.0 99.0 99.00
2020 03 17 05 00 999  5.1  6.2 99.00 99.00 99.00 999 9999.0  23.7 999.0 999.0 99.0 99.00
2020 03 17 06 00 999  5.1  5.1 99.00 99.00 99.00 999 9999.0  21.5 999.0 999.0 99.0 99.00
2020 03 17 07 00 999  4.1  4.6 99.00 99.00 99.00 999 9999.0  20.8 999.0 999.0 99.0 99.00
2020 03 17 08 00 999  3.6  4.6 99.00 99.00 99.00 999 9999.0  20.4 999.0 999.0 99.0 99.00
2020 03 17 09 00 999  4.6  5.1 99.00 99.00 99.00 999 9999.0  20.9 999.0 999.0 99.0 99.00
2020 03 17 10 00 999  4.1  4.6 99.00 99.00 99.00 999 9999.0  20.5 999.0 999.0 99.0 99.00
2020 03 17 11 00 999  3.1  4.1 99.00 99.00 99.00 999 9999.0  20.1 999.0 999.0 99.0 99.00
2020 03 17 12 00 999  4.1  4.6 99.00 99.00 99.00 999 9999.0  20.4 999.0 999.0 99.0 99.00
2020 03 17 13 00 999  3.1  4.1 99.00 99.00 99.00 999 9999.0  19.6 999.0 999.0 99.0 99.00
2020 03 17 14 00 999  3.6  3.6 99.00 99.00 99.00 999 9999.0  19.6 999.0 999.0 99.0 99.00
2020 03 17 15 00 999  4.1  4.1 99.00 99.00 99.00 999 9999.0  19.5 999.0 999.0 99.0 99.00
2020 03 17 16 00 999  4.1  4.6 99.00 99.00 99.00 999 9999.0  19.5 999.0 999.0 99.0 99.00
2020 03 17 17 00 999  3.1  4.1 99.00 99.00 99.00 999 9999.0  19.5 999.0 999.0 99.0 99.00
2020 03 17 18 00 999  4.1  4.6 99.00 99.00 99.00 999 9999.0  19.4 999.0 999.0 99.0 99.00
2020 03 17 19 00 999  4.6  5.1 99.00 99.00 99.00 999 9999.0  19.9 999.0 999.0 99.0 99.00
2020 03 17 20 00 999  5.1  5.7 99.00 99.00 99.00 999 9999.0  20.4 999.0 999.0 99.0 99.00
2020 03 17 21 00 999  4.1  4.6 99.00 99.00 99.00 999 9999.0  20.5 999.0 999.0 99.0 99.00
2020 03 17 22 00 999  3.6  4.1 99.00 99.00 99.00 999 9999.0  20.6 999.0 999.0 99.0 99.00
2020 03 17 23 00 999  3.6  4.1 99.00 99.00 99.00 999 9999.0  20.6 999.0 999.0 99.0 99.00
2020 03 18 00 00 999  4.6  5.1 99.00 99.00 99.00 999 9999.0  20.5 999.0 999.0 99.0 99.00
2020 03 18 01 00 999  4.6  5.7 99.00 99.00 99.00 999 9999.0  20.4 999.0 999.0 99.0 99.00
2020 03 18 02 00 999  5.1  5.7 99.00 99.00 99.00 999 9999.0  20.5 999.0 999.0 99.0 99.00
2020 03 18 03 00 999  6.2  6.7 99.00 99.00 99.00 999 9999.0  20.5 999.0 999.0 99.0 99.00
2020 03 18 04 00 999  6.2  6.7 99.00 99.00 99.00 999 9999.0  20.4 999.0 999.0 99.0 99.00
2020 03 18 05 00 999  5.1  6.2 99.00 99.00 99.00 999 9999.0  20.4 999.0 999.0 99.0 99.00
2020 03 18 06 00 999  4.1  4.6 99.00 99.00 99.00 999 9999.0  20.3 999.0 999.0 99.0 99.00
2020 03 18 07 00 999  5.7  6.7 99.00 99.00 99.00 999 9999.0  20.1 999.0 999.0 99.0 99.00
2020 03 18 08 00 999  4.6  5.1 99.00 99.00 99.00 999 9999.0  19.9 999.0 999.0 99.0 99.00
2020 03 18 09 00 999  2.1  3.6 99.00 99.00 99.00 999 9999.0  20.3 999.0 999.0 99.0 99.00
2020 03 18 10 00 999  3.6  5.1 99.00 99.00 99.00 999 9999.0  20.8 999.0 999.0 99.0 99.00
2020 03 18 11 00 999  4.1  4.6 99.00 99.00 99.00 999 9999.0  20.3 999.0 999.0 99.0 99.00
2020 03 18 12 00 999  3.6  3.6 99.00 99.00 99.00 999 9999.0  20.3 999.0 999.0 99.0 99.00
2020 03 18 13 00 999  4.1  4.6 99.00 99.00 99.00 999 9999.0  20.0 999.0 999.0 99.0 99.00
2020 03 18 14 00 999  3.6  3.6 99.00 99.00 99.00 999 9999.0  20.2 999.0 999.0 99.0 99.00
2020 03 18 15 00 999  4.6  5.1 99.00 99.00 99.00 999 9999.0  20.7 999.0 999.0 99.0 99.00
2020 03 18 16 00 999  4.1  4.6 99.00 99.00 99.00 999 9999.0  20.9 999.0 999.0 99.0 99.00
2020 03 18 17 00 999  5.1  5.7 99.00 99.00 99.00 999 9999.0  20.9 999.0 999.0 99.0 99.00
2020 03 18 18 00 999  5.1  6.2 99.00 99.00 99.00 999 9999.0  21.0 999.0 999.0 99.0 99.00
2020 03 18 19 00 999  5.7  6.7 99.00 99.00 99.00 999 9999.0  21.2 999.0 999.0 99.0 99.00
2020 03 18 20 00 999  4.6  5.7 99.00 99.00 99.00 999 9999.0  21.4 999.0 999.0 99.0 99.00
2020 03 18 21 00 999  5.7  6.2 99.00 99.00 99.00 999 9999.0  21.4 999.0 999.0 99.0 99.00
2020 03 18 22 00 999  4.6  5.7 99.00 99.00 99.00 999 9999.0  21.4 999.0 999.0 99.0 99.00
2020 03 18 23 00 999  5.7  5.7 99.00 99.00 99.00 999 9999.0  21.2 999.0 999.0 99.0 99.00
2020 03 19 00 00 999  6.2  7.2 99.00 99.00 99.00 999 9999.0  21.1 999.0 999.0 99.0 99.00
2020 03 19 01 00 999  6.2  7.7 99.00 99.00 99.00 999 9999.0  21.0 999.0 999.0 99.0 99.00
2020 03 19 02 00 999  6.7  7.7 99.00 99.00 99.00 999 9999.0  20.8 999.0 999.0 99.0 99.00
2020 03 19 03 00 999  6.7  7.7 99.00 99.00 99.00 999 9999.0  20.6 999.0 999.0 99.0 99.00
2020 03 19 04 00 999  7.7  9.3 99.00 99.00 99.00 999 9999.0  20.8 999.0 999.0 99.0 99.00
2020 03 19 05 00 999  7.2  8.8 99.00 99.00 99.00 999 9999.0  20.6 999.0 999.0 99.0 99.00
2020 03 19 06 00 999  7.7  8.8 99.00 99.00 99.00 999 9999.0  20.5 999.0 999.0 99.0 99.00
2020 03 19 07 00 999  7.7  8.8 99.00 99.00 99.00 999 9999.0  20.5 999.0 999.0 99.0 99.00
2020 03 19 08 00 999  7.7  9.3 99.00 99.00 99.00 999 9999.0  20.6 999.0 999.0 99.0 99.00
2020 03 19 09 00 999  7.7  8.8 99.00 99.00 99.00 999 9999.0  20.6 999.0 999.0 99.0 99.00
2020 03 19 10 00 999  8.2  9.8 99.00 99.00 99.00 999 9999.0  20.7 999.0 999.0 99.0 99.00
2020 03 19 11 00 999  7.7  8.8 99.00 99.00 99.00 999 9999.0  20.5 999.0 999.0 99.0 99.00
2020 03 19 12 00 999  7.2  8.8 99.00 99.00 99.00 999 9999.0  20.2 999.0 999.0 99.0 99.00
2020 03 19 13 00 999  7.2  8.2 99.00 99.00 99.00 999 9999.0  19.5 999.0 999.0 99.0 99.00
2020 03 19 14 00 999  7.2  7.7 99.00 99.00 99.00 999 9999.0  15.8 999.0 999.0 99.0 99.00
2020 03 19 15 00 999  6.7  7.7 99.00 99.00 99.00 999 9999.0  14.6 999.0 999.0 99.0 99.00
2020 03 19 16 00 999  6.2  7.2 99.00 99.00 99.00 999 9999.0  15.2 999.0 999.0 99.0 99.00
2020 03 19 17 00 999  5.1  6.2 99.00 99.00 99.00 999 9999.0  19.8 999.0 999.0 99.0 99.00
2020 03 19 18 00 999  5.7  6.7 99.00 99.00 99.00 999 9999.0  22.0 999.0 999.0 99.0 99.00
2020 03 19 19 00 999  5.7  6.7 99.00 99.00 99.00 999 9999.0  22.3 999.0 999.0 99.0 99.00
2020 03 19 20 00 999  6.2  7.2 99.00 99.00 99.00 999 9999.0  22.4 999.0 999.0 99.0 99.00
2020 03 19 21 00 999  6.7  7.7 99.00 99.00 99.00 999 9999.0  22.6 999.0 999.0 99.0 99.00
2020 03 19 22 00 999  7.2  8.8 99.00 99.00 99.00 999 9999.0  22.7 999.0 999.0 99.0 99.00
2020 03 19 23 00 999  7.2  8.2 99.00 99.00 99.00 999 9999.0  22.7 999.0 999.0 99.0 99.00
2020 03 20 00 00 999  7.2  8.8 99.00 99.00 99.00 999 9999.0  22.5 999.0 999.0 99.0 99.00
2020 03 20 01 00 999  7.2  8.2 99.00 99.00 99.00 999 9999.0  22.4 999.0 999.0 99.0 99.00
2020 03 20 02 00 999  7.7  8.2 99.00 99.00 99.00 999 9999.0  22.3 999.0 999.0 99.0 99.00
2020 03 20 03 00 999  8.8  9.8 99.00 99.00 99.00 999 9999.0  22.3 999.0 999.0 99.0 99.00
2020 03 20 04 00 999  7.7  8.8 99.00 99.00 99.00 999 9999.0  22.1 999.0 999.0 99.0 99.00
2020 03 20 05 00 999  7.2  8.2 99.00 99.00 99.00 999 9999.0  22.1 999.0 999.0 99.0 99.00
2020 03 20 06 00 999  7.2  7.7 99.00 99.00 99.00 999 9999.0  22.2 999.0 999.0 99.0 99.00
2020 03 20 07 00 999  7.7  8.2 99.00 99.00 99.00 999 9999.0  21.8 999.0 999.0 99.0 99.00
2020 03 20 08 00 999  7.2  8.2 99.00 99.00 99.00 999 9999.0  21.8 999.0 999.0 99.0 99.00
2020 03 20 09 00 999  6.7  7.7 99.00 99.00 99.00 999 9999.0  22.8 999.0 999.0 99.0 99.00
2020 03 20 10 00 999  5.7  6.2 99.00 99.00 99.00 999 9999.0  22.6 999.0 999.0 99.0 99.00
2020 03 20 11 00 999  3.6  4.1 99.00 99.00 99.00 999 9999.0  22.2 999.0 999.0 99.0 99.00
2020 03 20 12 00 999  3.6  4.1 99.00 99.00 99.00 999 9999.0  21.9 999.0 999.0 99.0 99.00
2020 03 20 13 00 999  3.6  4.6 99.00 99.00 99.00 999 9999.0  21.8 999.0 999.0 99.0 99.00
2020 03 20 14 00 999  3.6  4.1 99.00 99.00 99.00 999 9999.0  21.8 999.0 999.0 99.0 99.00
2020 03 20 17 00 999  4.6  6.2 99.00 99.00 99.00 999 9999.0  21.6 999.0 999.0 99.0 99.00
2020 03 20 18 00 999  4.6  5.1 99.00 99.00 99.00 999 9999.0  21.7 999.0 999.0 99.0 99.00
2020 03 20 19 00 999  5.7  6.2 99.00 99.00 99.00 999 9999.0  21.6 999.0 999.0 99.0 99.00
2020 03 20 20 00 999  4.6  5.1 99.00 99.00 99.00 999 9999.0  21.9 999.0 999.0 99.0 99.00
2020 03 20 21 00 999  4.6  5.7 99.00 99.00 99.00 999 9999.0  22.0 999.0 999.0 99.0 99.00
2020 03 20 22 00 999  4.6  5.7 99.00 99.00 99.00 999 9999.0  22.0 999.0 999.0 99.0 99.00
2020 03 20 23 00 999  4.1  4.6 99.00 99.00 99.00 999 9999.0  21.7 999.0 999.0 99.0 99.00
2020 03 21 00 00 999  5.1  5.7 99.00 99.00 99.00 999 9999.0  21.6 999.0 999.0 99.0 99.00
2020 03 21 01 00 999  5.1  5.1 99.00 99.00 99.00 999 9999.0  21.5 999.0 999.0 99.0 99.00
2020 03 21 02 00 999  3.6  4.1 99.00 99.00 99.00 999 9999.0  21.4 999.0 999.0 99.0 99.00
2020 03 21 03 00 999  9.8 12.9 99.00 99.00 99.00 999 9999.0  19.1 999.0 999.0 99.0 99.00
2020 03 21 04 00 999 10.3 12.4 99.00 99.00 99.00 999 9999.0  20.0 999.0 999.0 99.0 99.00
2020 03 21 05 00 999  8.2  9.8 99.00 99.00 99.00 999 9999.0  19.2 999.0 999.0 99.0 99.00
2020 03 21 06 00 999  7.7  9.3 99.00 99.00 99.00 999 9999.0  18.9 999.0 999.0 99.0 99.00
2020 03 21 07 00 999  7.7  9.3 99.00 99.00 99.00 999 9999.0  19.3 999.0 999.0 99.0 99.00
2020 03 21 08 00 999  8.2  9.3 99.00 99.00 99.00 999 9999.0  19.0 999.0 999.0 99.0 99.00
2020 03 21 09 00 999  9.8 11.3 99.00 99.00 99.00 999 9999.0  18.7 999.0 999.0 99.0 99.00
2020 03 21 10 00 999  8.2  9.8 99.00 99.00 99.00 999 9999.0  18.9 999.0 999.0 99.0 99.00
2020 03 21 11 00 999  9.3 10.3 99.00 99.00 99.00 999 9999.0  18.9 999.0 999.0 99.0 99.00
2020 03 21 12 00 999  8.8 10.3 99.00 99.00 99.00 999 9999.0  19.0 999.0 999.0 99.0 99.00
2020 03 21 13 00 999  8.8  9.8 99.00 99.00 99.00 999 9999.0  18.7 999.0 999.0 99.0 99.00
2020 03 21 14 00 999  7.7  8.8 99.00 99.00 99.00 999 9999.0  19.0 999.0 999.0 99.0 99.00
2020 03 21 15 00 999  7.7  9.3 99.00 99.00 99.00 999 9999.0  18.9 999.0 999.0 99.0 99.00
2020 03 21 16 00 999  7.7  8.2 99.00 99.00 99.00 999 9999.0  18.9 999.0 999.0 99.0 99.00
2020 03 21 17 00 999  6.7  8.2 99.00 99.00 99.00 999 9999.0  19.4 999.0 999.0 99.0 99.00
2020 03 21 18 00 999  7.2  8.8 99.00 99.00 99.00 999 9999.0  19.8 999.0 999.0 99.0 99.00
2020 03 21 19 00 999  6.7  8.2 99.00 99.00 99.00 999 9999.0  20.5 999.0 999.0 99.0 99.00
2020 03 21 20 00 999  6.7  7.7 99.00 99.00 99.00 999 9999.0  20.5 999.0 999.0 99.0 99.00
2020 03 21 21 00 999  6.7  7.7 99.00 99.00 99.00 999 9999.0  20.8 999.0 999.0 99.0 99.00
2020 03 21 22 00 999  6.2  7.2 99.00 99.00 99.00 999 9999.0  20.9 999.0 999.0 99.0 99.00
2020 03 21 23 00 999  6.7  7.7 99.00 99.00 99.00 999 9999.0  21.2 999.0 999.0 99.0 99.00
2020 03 22 00 00 999  6.7  7.7 99.00 99.00 99.00 999 9999.0  21.3 999.0 999.0 99.0 99.00
2020 03 22 01 00 999  5.7  7.2 99.00 99.00 99.00 999 9999.0  20.3 999.0 999.0 99.0 99.00
2020 03 22 02 00 999  7.2  9.3 99.00 99.00 99.00 999 9999.0  19.4 999.0 999.0 99.0 99.00
2020 03 22 03 00 999  7.7  8.2 99.00 99.00 99.00 999 9999.0  19.4 999.0 999.0 99.0 99.00
2020 03 22 04 00 999  8.8  9.8 99.00 99.00 99.00 999 9999.0  19.3 999.0 999.0 99.0 99.00
2020 03 22 05 00 999  7.7  8.2 99.00 99.00 99.00 999 9999.0  19.6 999.0 999.0 99.0 99.00
2020 03 22 06 00 999  7.7  8.2 99.00 99.00 99.00 999 9999.0  20.0 999.0 999.0 99.0 99.00
2020 03 22 07 00 999  7.7  9.3 99.00 99.00 99.00 999 9999.0  20.0 999.0 999.0 99.0 99.00
2020 03 22 08 00 999  6.7  7.2 99.00 99.00 99.00 999 9999.0  19.9 999.0 999.0 99.0 99.00
2020 03 22 09 00 999  7.2  7.7 99.00 99.00 99.00 999 9999.0  20.0 999.0 999.0 99.0 99.00
2020 03 22 10 00 999  6.7  7.7 99.00 99.00 99.00 999 9999.0  19.8 999.0 999.0 99.0 99.00
2020 03 22 11 00 999  7.2  7.7 99.00 99.00 99.00 999 9999.0  19.6 999.0 999.0 99.0 99.00
2020 03 22 12 00 999  7.2  8.2 99.00 99.00 99.00 999 9999.0  19.3 999.0 999.0 99.0 99.00
2020 03 22 13 00 999  7.7  8.8 99.00 99.00 99.00 999 9999.0  19.4 999.0 999.0 99.0 99.00
2020 03 22 14 00 999  8.2  9.3 99.00 99.00 99.00 999 9999.0  19.1 999.0 999.0 99.0 99.00
2020 03 22 15 00 999  8.8  9.8 99.00 99.00 99.00 999 9999.0  19.4 999.0 999.0 99.0 99.00
2020 03 22 16 00 999  9.3 10.3 99.00 99.00 99.00 999 9999.0  19.5 999.0 999.0 99.0 99.00
2020 03 22 17 00 999  8.8  9.8 99.00 99.00 99.00 999 9999.0  19.8 999.0 999.0 99.0 99.00
2020 03 22 18 00 999  7.7  8.2 99.00 99.00 99.00 999 9999.0  20.5 999.0 999.0 99.0 99.00
2020 03 22 19 00 999  6.7  8.2 99.00 99.00 99.00 999 9999.0  21.8 999.0 999.0 99.0 99.00
2020 03 22 20 00 999  7.2  7.7 99.00 99.00 99.00 999 9999.0  22.4 999.0 999.0 99.0 99.00
2020 03 22 21 00 999  7.2  8.2 99.00 99.00 99.00 999 9999.0  22.4 999.0 999.0 99.0 99.00
2020 03 22 22 00 999  7.2  8.2 99.00 99.00 99.00 999 9999.0  22.4 999.0 999.0 99.0 99.00
2020 03 22 23 00 999  7.2  7.7 99.00 99.00 99.00 999 9999.0  22.3 999.0 999.0 99.0 99.00
2020 03 23 00 00 999  7.2  7.7 99.00 99.00 99.00 999 9999.0  22.2 999.0 999.0 99.0 99.00
2020 03 23 01 00 999  5.1  6.2 99.00 99.00 99.00 999 9999.0  22.2 999.0 999.0 99.0 99.00
2020 03 23 02 00 999  5.7  6.2 99.00 99.00 99.00 999 9999.0  22.2 999.0 999.0 99.0 99.00
2020 03 23 03 00 999  5.7  6.2 99.00 99.00 99.00 999 9999.0  22.2 999.0 999.0 99.0 99.00
2020 03 23 04 00 999  5.1  5.7 99.00 99.00 99.00 999 9999.0  24.3 999.0 999.0 99.0 99.00
2020 03 23 05 00 999  4.6  5.7 99.00 99.00 99.00 999 9999.0  24.3 999.0 999.0 99.0 99.00
2020 03 23 06 00 999  4.6  5.7 99.00 99.00 99.00 999 9999.0  22.8 999.0 999.0 99.0 99.00
2020 03 23 07 00 999  4.1  5.1 99.00 99.00 99.00 999 9999.0  22.8 999.0 999.0 99.0 99.00
2020 03 23 08 00 999  4.6  5.7 99.00 99.00 99.00 999 9999.0  22.8 999.0 999.0 99.0 99.00
2020 03 23 09 00 999  2.6  4.6 99.00 99.00 99.00 999 9999.0  22.4 999.0 999.0 99.0 99.00
2020 03 23 10 00 999  1.5  3.6 99.00 99.00 99.00 999 9999.0  22.3 999.0 999.0 99.0 99.00
2020 03 23 11 00 999  1.5  3.6 99.00 99.00 99.00 999 9999.0  22.2 999.0 999.0 99.0 99.00
2020 03 23 12 00 999  1.5  4.1 99.00 99.00 99.00 999 9999.0  22.2 999.0 999.0 99.0 99.00
2020 03 23 13 00 999  1.5  3.1 99.00 99.00 99.00 999 9999.0  22.3 999.0 999.0 99.0 99.00
2020 03 23 14 00 999  2.6  4.1 99.00 99.00 99.00 999 9999.0  23.0 999.0 999.0 99.0 99.00
2020 03 23 15 00 999  1.0  2.6 99.00 99.00 99.00 999 9999.0  23.6 999.0 999.0 99.0 99.00
2020 03 23 16 00 999  1.0  3.1 99.00 99.00 99.00 999 9999.0  24.3 999.0 999.0 99.0 99.00
2020 03 23 17 00 999  2.1  3.6 99.00 99.00 99.00 999 9999.0  24.0 999.0 999.0 99.0 99.00
2020 03 23 18 00 999  1.5  3.1 99.00 99.00 99.00 999 9999.0  24.6 999.0 999.0 99.0 99.00
2020 03 23 19 00 999  1.5  3.1 99.00 99.00 99.00 999 9999.0  24.4 999.0 999.0 99.0 99.00
2020 03 23 20 00 999  1.0  3.6 99.00 99.00 99.00 999 9999.0  25.0 999.0 999.0 99.0 99.00
2020 03 23 21 00 999  2.1  4.1 99.00 99.00 99.00 999 9999.0  24.0 999.0 999.0 99.0 99.00
2020 03 23 22 00 999  2.1  3.6 99.00 99.00 99.00 999 9999.0  24.4 999.0 999.0 99.0 99.00
2020 03 23 23 00 999  1.0  2.6 99.00 99.00 99.00 999 9999.0  24.0 999.0 999.0 99.0 99.00
2020 03 24 00 00 999  2.6  3.6 99.00 99.00 99.00 999 9999.0  23.4 999.0 999.0 99.0 99.00
2020 03 24 01 00 999  1.5  3.6 99.00 99.00 99.00 999 9999.0  23.1 999.0 999.0 99.0 99.00
2020 03 24 02 00 999  4.6  5.7 99.00 99.00 99.00 999 9999.0  23.0 999.0 999.0 99.0 99.00
2020 03 24 03 00 999  5.1  6.2 99.00 99.00 99.00 999 9999.0  23.1 999.0 999.0 99.0 99.00
2020 03 24 04 00 999  5.1  6.2 99.00 99.00 99.00 999 9999.0  24.8 999.0 999.0 99.0 99.00
2020 03 24 05 00 999  5.7  7.2 99.00 99.00 99.00 999 9999.0  24.9 999.0 999.0 99.0 99.00
2020 03 24 06 00 999  4.6  7.7 99.00 99.00 99.00 999 9999.0  23.0 999.0 999.0 99.0 99.00
2020 03 24 07 00 999  2.6  5.1 99.00 99.00 99.00 999 9999.0  22.7 999.0 999.0 99.0 99.00
2020 03 24 08 00 999  2.6  5.7 99.00 99.00 99.00 999 9999.0  22.6 999.0 999.0 99.0 99.00
2020 03 24 09 00 999  4.1  6.2 99.00 99.00 99.00 999 9999.0  22.6 999.0 999.0 99.0 99.00
2020 03 24 10 00 999  3.6  5.1 99.00 99.00 99.00 999 9999.0  22.5 999.0 999.0 99.0 99.00
2020 03 24 11 00 999  4.1  6.2 99.00 99.00 99.00 999 9999.0  22.4 999.0 999.0 99.0 99.00
2020 03 24 12 00 999  3.1  5.7 99.00 99.00 99.00 999 9999.0  22.4 999.0 999.0 99.0 99.00
2020 03 24 13 00 999  3.1  6.2 99.00 99.00 99.00 999 9999.0  22.6 999.0 999.0 99.0 99.00
2020 03 24 14 00 999  2.1  4.6 99.00 99.00 99.00 999 9999.0  23.4 999.0 999.0 99.0 99.00
2020 03 24 15 00 999  3.1  5.1 99.00 99.00 99.00 999 9999.0  23.7 999.0 999.0 99.0 99.00
2020 03 24 16 00 999  4.1  6.2 99.00 99.00 99.00 999 9999.0  23.6 999.0 999.0 99.0 99.00
2020 03 24 17 00 999  4.6  6.7 99.00 99.00 99.00 999 9999.0  23.6 999.0 999.0 99.0 99.00
2020 03 24 18 00 999  5.1  7.2 99.00 99.00 99.00 999 9999.0  23.6 999.0 999.0 99.0 99.00
2020 03 24 19 00 999  5.1  7.2 99.00 99.00 99.00 999 9999.0  23.5 999.0 999.0 99.0 99.00
2020 03 24 20 00 999  5.1  7.2 99.00 99.00 99.00 999 9999.0  23.7 999.0 999.0 99.0 99.00
2020 03 24 21 00 999  5.1  8.8 99.00 99.00 99.00 999 9999.0  24.0 999.0 999.0 99.0 99.00
2020 03 24 22 00 999  2.6  5.7 99.00 99.00 99.00 999 9999.0  24.1 999.0 999.0 99.0 99.00
2020 03 24 23 00 999  3.6  5.7 99.00 99.00 99.00 999 9999.0  24.0 999.0 999.0 99.0 99.00
2020 03 25 00 00 999  4.1  6.2 99.00 99.00 99.00 999 9999.0  23.5 999.0 999.0 99.0 99.00
2020 03 25 01 00 999  4.6  6.2 99.00 99.00 99.00 999 9999.0  23.1 999.0 999.0 99.0 99.00
2020 03 25 02 00 999  3.1  6.2 99.00 99.00 99.00 999 9999.0  22.9 999.0 999.0 99.0 99.00
2020 03 25 03 00 999  2.6  5.1 99.00 99.00 99.00 999 9999.0  22.8 999.0 999.0 99.0 99.00
2020 03 25 04 00 999  3.1  6.7 99.00 99.00 99.00 999 9999.0  23.0 999.0 999.0 99.0 99.00
2020 03 25 05 00 999  3.1  6.2 99.00 99.00 99.00 999 9999.0  23.0 999.0 999.0 99.0 99.00
2020 03 25 06 00 999  6.2  9.8 99.00 99.00 99.00 999 9999.0  23.0 999.0 999.0 99.0 99.00
2020 03 25 07 00 999  6.2  9.3 99.00 99.00 99.00 999 9999.0  22.9 999.0 999.0 99.0 99.00
2020 03 25 08 00 999  8.2  9.8 99.00 99.00 99.00 999 9999.0  22.6 999.0 999.0 99.0 99.00
2020 03 25 09 00 999  7.7  8.8 99.00 99.00 99.00 999 9999.0  22.7 999.0 999.0 99.0 99.00
2020 03 25 10 00 999  7.2  8.8 99.00 99.00 99.00 999 9999.0  22.6 999.0 999.0 99.0 99.00
2020 03 25 11 00 999  5.1  6.2 99.00 99.00 99.00 999 9999.0  22.5 999.0 999.0 99.0 99.00
2020 03 25 12 00 999  4.6  5.1 99.00 99.00 99.00 999 9999.0  22.5 999.0 999.0 99.0 99.00
2020 03 25 13 00 999  1.0  2.1 99.00 99.00 99.00 999 9999.0  22.7 999.0 999.0 99.0 99.00
2020 03 25 14 00 999  3.6  4.6 99.00 99.00 99.00 999 9999.0  22.9 999.0 999.0 99.0 99.00
2020 03 25 15 00 999  3.1  3.6 99.00 99.00 99.00 999 9999.0  22.9 999.0 999.0 99.0 99.00
2020 03 25 16 00 999  3.1  4.1 99.00 99.00 99.00 999 9999.0  23.2 999.0 999.0 99.0 99.00
2020 03 25 17 00 999  1.5  4.1 99.00 99.00 99.00 999 9999.0  24.8 999.0 999.0 99.0 99.00
2020 03 25 18 00 999  2.6  3.6 99.00 99.00 99.00 999 9999.0  24.0 999.0 999.0 99.0 99.00
2020 03 25 19 00 999  1.5  3.1 99.00 99.00 99.00 999 9999.0  25.1 999.0 999.0 99.0 99.00
2020 03 25 20 00 999  1.5  2.6 99.00 99.00 99.00 999 9999.0  25.5 999.0 999.0 99.0 99.00
2020 03 25 21 00 999  1.5  3.1 99.00 99.00 99.00 999 9999.0  25.6 999.0 999.0 99.0 99.00
2020 03 25 22 00 999  1.5  3.1 99.00 99.00 99.00 999 9999.0  25.2 999.0 999.0 99.0 99.00
2020 03 25 23 00 999  1.5  3.1 99.00 99.00 99.00 999 9999.0  25.6 999.0 999.0 99.0 99.00
2020 03 26 00 00 999  2.1  3.6 99.00 99.00 99.00 999 9999.0  24.2 999.0 999.0 99.0 99.00
2020 03 26 01 00 999  2.1  4.1 99.00 99.00 99.00 999 9999.0  23.1 999.0 999.0 99.0 99.00
2020 03 26 02 00 999  2.1  4.6 99.00 99.00 99.00 999 9999.0  23.0 999.0 999.0 99.0 99.00
2020 03 26 03 00 999  2.6  4.1 99.00 99.00 99.00 999 9999.0  22.8 999.0 999.0 99.0 99.00
2020 03 26 04 00 999  2.1  4.1 99.00 99.00 99.00 999 9999.0  22.6 999.0 999.0 99.0 99.00
2020 03 26 05 00 999  2.1  4.1 99.00 99.00 99.00 999 9999.0  22.6 999.0 999.0 99.0 99.00
2020 03 26 06 00 999  2.1  3.6 99.00 99.00 99.00 999 9999.0  22.7 999.0 999.0 99.0 99.00
2020 03 26 07 00 999  2.1  4.1 99.00 99.00 99.00 999 9999.0  22.9 999.0 999.0 99.0 99.00
2020 03 26 08 00 999  1.5  3.6 99.00 99.00 99.00 999 9999.0  23.1 999.0 999.0 99.0 99.00
2020 03 26 09 00 999  1.5  3.1 99.00 99.00 99.00 999 9999.0  23.2 999.0 999.0 99.0 99.00
2020 03 26 10 00 999  2.1  3.6 99.00 99.00 99.00 999 9999.0  23.2 999.0 999.0 99.0 99.00
2020 03 26 11 00 999  1.0  2.6 99.00 99.00 99.00 999 9999.0  23.0 999.0 999.0 99.0 99.00
2020 03 26 12 00 999  1.0  2.1 99.00 99.00 99.00 999 9999.0  22.8 999.0 999.0 99.0 99.00
2020 03 26 13 00 999  1.5  2.6 99.00 99.00 99.00 999 9999.0  23.2 999.0 999.0 99.0 99.00
2020 03 26 14 00 999  2.1  4.1 99.00 99.00 99.00 999 9999.0  23.4 999.0 999.0 99.0 99.00
2020 03 26 15 00 999  4.1  5.1 99.00 99.00 99.00 999 9999.0  23.4 999.0 999.0 99.0 99.00
2020 03 26 16 00 999  5.1  5.7 99.00 99.00 99.00 999 9999.0  22.9 999.0 999.0 99.0 99.00
2020 03 26 17 00 999  5.7  6.7 99.00 99.00 99.00 999 9999.0  23.0 999.0 999.0 99.0 99.00
2020 03 26 18 00 999  5.7  6.2 99.00 99.00 99.00 999 9999.0  23.2 999.0 999.0 99.0 99.00
2020 03 26 19 00 999  5.7  6.2 99.00 99.00 99.00 999 9999.0  24.4 999.0 999.0 99.0 99.00
2020 03 26 20 00 999  6.2  6.7 99.00 99.00 99.00 999 9999.0  23.9 999.0 999.0 99.0 99.00
2020 03 26 21 00 999  6.7  7.7 99.00 99.00 99.00 999 9999.0  25.9 999.0 999.0 99.0 99.00
2020 03 26 22 00 999  6.2  7.2 99.00 99.00 99.00 999 9999.0  25.3 999.0 999.0 99.0 99.00
2020 03 26 23 00 999  3.1  6.7 99.00 99.00 99.00 999 9999.0  24.4 999.0 999.0 99.0 99.00
2020 03 27 00 00 999  4.1  7.2 99.00 99.00 99.00 999 9999.0  24.4 999.0 999.0 99.0 99.00
2020 03 27 01 00 999  4.6  8.8 99.00 99.00 99.00 999 9999.0  24.3 999.0 999.0 99.0 99.00
2020 03 27 02 00 999  6.7  9.3 99.00 99.00 99.00 999 9999.0  24.8 999.0 999.0 99.0 99.00
2020 03 27 03 00 999  5.7  8.8 99.00 99.00 99.00 999 9999.0  24.3 999.0 999.0 99.0 99.00
2020 03 27 04 00 999  7.2  9.3 99.00 99.00 99.00 999 9999.0  26.4 999.0 999.0 99.0 99.00
2020 03 27 05 00 999  7.2  9.3 99.00 99.00 99.00 999 9999.0  26.5 999.0 999.0 99.0 99.00
2020 03 27 06 00 999  7.2  9.8 99.00 99.00 99.00 999 9999.0  26.1 999.0 999.0 99.0 99.00
2020 03 27 07 00 999  7.2  9.8 99.00 99.00 99.00 999 9999.0  25.5 999.0 999.0 99.0 99.00
2020 03 27 08 00 999  7.7 10.3 99.00 99.00 99.00 999 9999.0  24.8 999.0 999.0 99.0 99.00
2020 03 27 09 00 999  6.7  9.3 99.00 99.00 99.00 999 9999.0  24.2 999.0 999.0 99.0 99.00
2020 03 27 10 00 999  6.2  9.8 99.00 99.00 99.00 999 9999.0  23.6 999.0 999.0 99.0 99.00
2020 03 27 11 00 999  7.2 10.3 99.00 99.00 99.00 999 9999.0  23.6 999.0 999.0 99.0 99.00
2020 03 27 12 00 999  5.1  9.3 99.00 99.00 99.00 999 9999.0  23.5 999.0 999.0 99.0 99.00
2020 03 27 13 00 999  7.2  9.3 99.00 99.00 99.00 999 9999.0  23.8 999.0 999.0 99.0 99.00
2020 03 27 14 00 999  5.7  9.3 99.00 99.00 99.00 999 9999.0  24.0 999.0 999.0 99.0 99.00
2020 03 27 15 00 999  4.6  8.8 99.00 99.00 99.00 999 9999.0  24.1 999.0 999.0 99.0 99.00
2020 03 27 16 00 999  4.1  7.2 99.00 99.00 99.00 999 9999.0  24.5 999.0 999.0 99.0 99.00
2020 03 27 17 00 999  3.6  7.2 99.00 99.00 99.00 999 9999.0  24.6 999.0 999.0 99.0 99.00
2020 03 27 18 00 999  4.6  6.7 99.00 99.00 99.00 999 9999.0  24.5 999.0 999.0 99.0 99.00
2020 03 27 19 00 999  3.6  5.7 99.00 99.00 99.00 999 9999.0  24.7 999.0 999.0 99.0 99.00
2020 03 27 20 00 999  4.6  6.2 99.00 99.00 99.00 999 9999.0  24.7 999.0 999.0 99.0 99.00
2020 03 27 21 00 999  5.1  6.7 99.00 99.00 99.00 999 9999.0  25.9 999.0 999.0 99.0 99.00
2020 03 27 22 00 999  5.7  6.7 99.00 99.00 99.00 999 9999.0  25.2 999.0 999.0 99.0 99.00
2020 03 27 23 00 999  6.7  7.7 99.00 99.00 99.00 999 9999.0  24.6 999.0 999.0 99.0 99.00
2020 03 28 00 00 999  6.2  6.7 99.00 99.00 99.00 999 9999.0  24.4 999.0 999.0 99.0 99.00
2020 03 28 01 00 999  6.7  7.7 99.00 99.00 99.00 999 9999.0  24.0 999.0 999.0 99.0 99.00
2020 03 28 02 00 999  8.2  9.3 99.00 99.00 99.00 999 9999.0  24.1 999.0 999.0 99.0 99.00
2020 03 28 03 00 999  8.8 10.3 99.00 99.00 99.00 999 9999.0  24.1 999.0 999.0 99.0 99.00
2020 03 28 04 00 999  9.3 11.3 99.00 99.00 99.00 999 9999.0  24.1 999.0 999.0 99.0 99.00
2020 03 28 05 00 999  9.8 10.8 99.00 99.00 99.00 999 9999.0  24.3 999.0 999.0 99.0 99.00
2020 03 28 06 00 999  8.8 10.3 99.00 99.00 99.00 999 9999.0  26.6 999.0 999.0 99.0 99.00
2020 03 28 07 00 999  7.2  9.3 99.00 99.00 99.00 999 9999.0  26.3 999.0 999.0 99.0 99.00
2020 03 28 08 00 999  8.8 11.3 99.00 99.00 99.00 999 9999.0  27.2 999.0 999.0 99.0 99.00
2020 03 28 09 00 999  8.8 10.8 99.00 99.00 99.00 999 9999.0  27.0 999.0 999.0 99.0 99.00
2020 03 28 10 00 999  7.7 10.3 99.00 99.00 99.00 999 9999.0  24.7 999.0 999.0 99.0 99.00
2020 03 28 11 00 999  7.2  9.3 99.00 99.00 99.00 999 9999.0  25.0 999.0 999.0 99.0 99.00
2020 03 28 12 00 999  6.2  7.2 99.00 99.00 99.00 999 9999.0  24.2 999.0 999.0 99.0 99.00
2020 03 28 13 00 999  2.1  5.1 99.00 99.00 99.00 999 9999.0  23.9 999.0 999.0 99.0 99.00
2020 03 28 14 00 999  3.6  6.2 99.00 99.00 99.00 999 9999.0  24.6 999.0 999.0 99.0 99.00
2020 03 28 15 00 999  5.7  7.7 99.00 99.00 99.00 999 9999.0  24.9 999.0 999.0 99.0 99.00
2020 03 28 16 00 999  4.6  6.2 99.00 99.00 99.00 999 9999.0  25.0 999.0 999.0 99.0 99.00
2020 03 28 17 00 999  5.1  6.2 99.00 99.00 99.00 999 9999.0  26.3 999.0 999.0 99.0 99.00
2020 03 28 18 00 999  5.7  7.2 99.00 99.00 99.00 999 9999.0  24.4 999.0 999.0 99.0 99.00
2020 03 28 19 00 999  6.2  7.7 99.00 99.00 99.00 999 9999.0  25.7 999.0 999.0 99.0 99.00
2020 03 28 20 00 999  7.2  8.8 99.00 99.00 99.00 999 9999.0  26.9 999.0 999.0 99.0 99.00
2020 03 28 21 00 999  2.6  4.6 99.00 99.00 99.00 999 9999.0  25.5 999.0 999.0 99.0 99.00
2020 03 28 22 00 999  4.1  6.7 99.00 99.00 99.00 999 9999.0  25.0 999.0 999.0 99.0 99.00
2020 03 28 23 00 999  3.1  6.7 99.00 99.00 99.00 999 9999.0  25.0 999.0 999.0 99.0 99.00
2020 03 29 00 00 999  2.6  6.2 99.00 99.00 99.00 999 9999.0  24.6 999.0 999.0 99.0 99.00
2020 03 29 01 00 999  3.6  5.7 99.00 99.00 99.00 999 9999.0  24.3 999.0 999.0 99.0 99.00
2020 03 29 02 00 999  3.1  6.2 99.00 99.00 99.00 999 9999.0  24.3 999.0 999.0 99.0 99.00
2020 03 29 03 00 999  4.1  6.7 99.00 99.00 99.00 999 9999.0  24.2 999.0 999.0 99.0 99.00
2020 03 29 04 00 999  4.6  7.7 99.00 99.00 99.00 999 9999.0  24.1 999.0 999.0 99.0 99.00
2020 03 29 05 00 999  2.1  5.1 99.00 99.00 99.00 999 9999.0  24.1 999.0 999.0 99.0 99.00
2020 03 29 06 00 999  3.1  5.1 99.00 99.00 99.00 999 9999.0  24.0 999.0 999.0 99.0 99.00
2020 03 29 07 00 999  3.1  4.1 99.00 99.00 99.00 999 9999.0  23.8 999.0 999.0 99.0 99.00
2020 03 29 08 00 999  2.1  4.1 99.00 99.00 99.00 999 9999.0  23.7 999.0 999.0 99.0 99.00
2020 03 29 09 00 999  2.1  3.6 99.00 99.00 99.00 999 9999.0  22.4 999.0 999.0 99.0 99.00
2020 03 29 10 00 999  5.1  7.2 99.00 99.00 99.00 999 9999.0  21.8 999.0 999.0 99.0 99.00
2020 03 29 11 00 999  6.7  8.8 99.00 99.00 99.00 999 9999.0  22.4 999.0 999.0 99.0 99.00
2020 03 29 12 00 999  8.8  9.8 99.00 99.00 99.00 999 9999.0  22.0 999.0 999.0 99.0 99.00
2020 03 29 13 00 999  8.8 10.3 99.00 99.00 99.00 999 9999.0  22.0 999.0 999.0 99.0 99.00
2020 03 29 14 00 999  9.3 10.8 99.00 99.00 99.00 999 9999.0  22.1 999.0 999.0 99.0 99.00
2020 03 29 15 00 999  9.8 11.3 99.00 99.00 99.00 999 9999.0  22.5 999.0 999.0 99.0 99.00
2020 03 29 16 00 999  8.2  9.8 99.00 99.00 99.00 999 9999.0  23.1 999.0 999.0 99.0 99.00
2020 03 29 17 00 999  9.3 10.8 99.00 99.00 99.00 999 9999.0  23.4 999.0 999.0 99.0 99.00
2020 03 29 18 00 999  7.2  8.8 99.00 99.00 99.00 999 9999.0  23.7 999.0 999.0 99.0 99.00
2020 03 29 19 00 999  6.7  7.7 99.00 99.00 99.00 999 9999.0  24.3 999.0 999.0 99.0 99.00
2020 03 29 20 00 999  6.2  6.7 99.00 99.00 99.00 999 9999.0  24.5 999.0 999.0 99.0 99.00
2020 03 29 21 00 999  5.7  6.7 99.00 99.00 99.00 999 9999.0  24.8 999.0 999.0 99.0 99.00
2020 03 29 22 00 999  6.2  6.7 99.00 99.00 99.00 999 9999.0  24.7 999.0 999.0 99.0 99.00
2020 03 29 23 00 999  6.7  7.2 99.00 99.00 99.00 999 9999.0  24.5 999.0 999.0 99.0 99.00
2020 03 30 00 00 999  6.7  7.7 99.00 99.00 99.00 999 9999.0  24.4 999.0 999.0 99.0 99.00
2020 03 30 01 00 999  7.2  8.2 99.00 99.00 99.00 999 9999.0  24.0 999.0 999.0 99.0 99.00
2020 03 30 02 00 999  7.7  8.8 99.00 99.00 99.00 999 9999.0  23.8 999.0 999.0 99.0 99.00
2020 03 30 03 00 999  7.2  8.2 99.00 99.00 99.00 999 9999.0  23.4 999.0 999.0 99.0 99.00
2020 03 30 04 00 999  6.7  7.7 99.00 99.00 99.00 999 9999.0  23.1 999.0 999.0 99.0 99.00
2020 03 30 05 00 999  8.2  9.3 99.00 99.00 99.00 999 9999.0  23.4 999.0 999.0 99.0 99.00
2020 03 30 06 00 999  8.2  9.3 99.00 99.00 99.00 999 9999.0  23.0 999.0 999.0 99.0 99.00
2020 03 30 07 00 999  7.2  8.2 99.00 99.00 99.00 999 9999.0  22.5 999.0 999.0 99.0 99.00
2020 03 30 08 00 999  7.7  8.8 99.00 99.00 99.00 999 9999.0  22.2 999.0 999.0 99.0 99.00
2020 03 30 09 00 999  7.2  8.2 99.00 99.00 99.00 999 9999.0  21.7 999.0 999.0 99.0 99.00
2020 03 30 10 00 999  8.2  9.8 99.00 99.00 99.00 999 9999.0  21.8 999.0 999.0 99.0 99.00
2020 03 30 11 00 999  8.2  9.3 99.00 99.00 99.00 999 9999.0  21.9 999.0 999.0 99.0 99.00
2020 03 30 12 00 999  8.2  9.3 99.00 99.00 99.00 999 9999.0  22.0 999.0 999.0 99.0 99.00
2020 03 30 13 00 999  8.2  8.8 99.00 99.00 99.00 999 9999.0  21.7 999.0 999.0 99.0 99.00
2020 03 30 14 00 999  8.8 10.3 99.00 99.00 99.00 999 9999.0  21.8 999.0 999.0 99.0 99.00
2020 03 30 15 00 999  7.2  8.2 99.00 99.00 99.00 999 9999.0  21.6 999.0 999.0 99.0 99.00
2020 03 30 16 00 999  6.7  7.7 99.00 99.00 99.00 999 9999.0  22.0 999.0 999.0 99.0 99.00
2020 03 30 17 00 999  6.2  7.2 99.00 99.00 99.00 999 9999.0  22.3 999.0 999.0 99.0 99.00
2020 03 30 18 00 999  5.7  6.7 99.00 99.00 99.00 999 9999.0  22.5 999.0 999.0 99.0 99.00
2020 03 30 19 00 999  5.7  6.2 99.00 99.00 99.00 999 9999.0  23.1 999.0 999.0 99.0 99.00
2020 03 30 20 00 999  7.7  8.8 99.00 99.00 99.00 999 9999.0  24.3 999.0 999.0 99.0 99.00
2020 03 30 21 00 999  8.2  9.3 99.00 99.00 99.00 999 9999.0  24.5 999.0 999.0 99.0 99.00
2020 03 30 22 00 999  8.2  9.3 99.00 99.00 99.00 999 9999.0  24.6 999.0 999.0 99.0 99.00
2020 03 30 23 00 999  8.8 10.3 99.00 99.00 99.00 999 9999.0  24.6 999.0 999.0 99.0 99.00
2020 03 31 00 00 999  8.2  9.8 99.00 99.00 99.00 999 9999.0  24.6 999.0 999.0 99.0 99.00
2020 03 31 01 00 999  8.8 10.3 99.00 99.00 99.00 999 9999.0  24.4 999.0 999.0 99.0 99.00
2020 03 31 02 00 999  8.8  9.8 99.00 99.00 99.00 999 9999.0  24.4 999.0 999.0 99.0 99.00
2020 03 31 03 00 999  8.2 10.3 99.00 99.00 99.00 999 9999.0  27.2 999.0 999.0 99.0 99.00
2020 03 31 04 00 999  7.7 10.3 99.00 99.00 99.00 999 9999.0  24.9 999.0 999.0 99.0 99.00
2020 03 31 05 00 999  4.1  7.7 99.00 99.00 99.00 999 9999.0  24.3 999.0 999.0 99.0 99.00
2020 03 31 06 00 999  4.1  7.2 99.00 99.00 99.00 999 9999.0  24.1 999.0 999.0 99.0 99.00
2020 03 31 07 00 999  3.6  7.2 99.00 99.00 99.00 999 9999.0  24.2 999.0 999.0 99.0 99.00
2020 03 31 08 00 999  3.6  6.7 99.00 99.00 99.00 999 9999.0  24.0 999.0 999.0 99.0 99.00
2020 03 31 09 00 999  4.6  7.7 99.00 99.00 99.00 999 9999.0  23.9 999.0 999.0 99.0 99.00
2020 03 31 10 00 999  3.1  6.7 99.00 99.00 99.00 999 9999.0  24.1 999.0 999.0 99.0 99.00
2020 03 31 11 00 999  4.6  9.3 99.00 99.00 99.00 999 9999.0  24.2 999.0 999.0 99.0 99.00
2020 03 31 12 00 999  9.8 13.4 99.00 99.00 99.00 999 9999.0  24.2 999.0 999.0 99.0 99.00
2020 03 31 13 00 999 10.8 13.9 99.00 99.00 99.00 999 9999.0  24.0 999.0 999.0 99.0 99.00
2020 03 31 14 00 999 10.8 13.4 99.00 99.00 99.00 999 9999.0  23.7 999.0 999.0 99.0 99.00
2020 03 31 15 00 999  9.8 12.4 99.00 99.00 99.00 999 9999.0  23.7 999.0 999.0 99.0 99.00
2020 03 31 16 00 999  5.7  9.3 99.00 99.00 99.00 999 9999.0  24.5 999.0 999.0 99.0 99.00
2020 03 31 17 00 999  7.2  9.8 99.00 99.00 99.00 999 9999.0  24.3 999.0 999.0 99.0 99.00
2020 03 31 18 00 999  6.7  8.8 99.00 99.00 99.00 999 9999.0  23.8 999.0 999.0 99.0 99.00
2020 03 31 19 00 999  3.6  5.1 99.00 99.00 99.00 999 9999.0  23.2 999.0 999.0 99.0 99.00
2020 03 31 20 00 999  4.1  6.2 99.00 99.00 99.00 999 9999.0  22.4 999.0 999.0 99.0 99.00
2020 03 31 21 00 999  4.1  6.7 99.00 99.00 99.00 999 9999.0  21.7 999.0 999.0 99.0 99.00
2020 03 31 22 00 999  3.1  5.1 99.00 99.00 99.00 999 9999.0  21.3 999.0 999.0 99.0 99.00
2020 03 31 23 00 999  4.1  6.2 99.00 99.00 99.00 999 9999.0  20.6 999.0 999.0 99.0 99.00
2020 04 01 00 00 999  3.1  4.6 99.00 99.00 99.00 999 9999.0  19.4 999.0 999.0 99.0 99.00
2020 04 01 01 00 999  3.6  5.1 99.00 99.00 99.00 999 9999.0  18.4 999.0 999.0 99.0 99.00
2020 04 01 02 00 999  4.1  8.2 99.00 99.00 99.00 999 9999.0  18.0 999.0 999.0 99.0 99.00
2020 04 01 03 00 999  6.7 10.8 99.00 99.00 99.00 999 9999.0  17.6 999.0 999.0 99.0 99.00
2020 04 01 04 00 999  7.7 10.8 99.00 99.00 99.00 999 9999.0  17.1 999.0 999.0 99.0 99.00
2020 04 01 05 00 999  7.7 10.8 99.00 99.00 99.00 999 9999.0  16.7 999.0 999.0 99.0 99.00
2020 04 01 06 00 999  9.8 12.4 99.00 99.00 99.00 999 9999.0  15.9 999.0 999.0 99.0 99.00
2020 04 01 07 00 999  9.8 11.8 99.00 99.00 99.00 999 9999.0  15.4 999.0 999.0 99.0 99.00
2020 04 01 08 00 999  8.2 10.3 99.00 99.00 99.00 999 9999.0  15.0 999.0 999.0 99.0 99.00
2020 04 01 09 00 999  8.8 10.3 99.00 99.00 99.00 999 9999.0  14.8 999.0 999.0 99.0 99.00
2020 04 01 10 00 999  8.8 10.8 99.00 99.00 99.00 999 9999.0  14.9 999.0 999.0 99.0 99.00
2020 04 01 11 00 999  8.2  9.8 99.00 99.00 99.00 999 9999.0  14.8 999.0 999.0 99.0 99.00
2020 04 01 12 00 999  8.2  9.8 99.00 99.00 99.00 999 9999.0  14.7 999.0 999.0 99.0 99.00
2020 04 01 13 00 999  8.2  9.8 99.00 99.00 99.00 999 9999.0  15.0 999.0 999.0 99.0 99.00
2020 04 01 14 00 999  7.7  8.8 99.00 99.00 99.00 999 9999.0  15.2 999.0 999.0 99.0 99.00
2020 04 01 15 00 999  6.7  8.2 99.00 99.00 99.00 999 9999.0  15.7 999.0 999.0 99.0 99.00
2020 04 01 16 00 999  6.7  8.2 99.00 99.00 99.00 999 9999.0  15.9 999.0 999.0 99.0 99.00
2020 04 01 17 00 999  6.2  7.7 99.00 99.00 99.00 999 9999.0  15.9 999.0 999.0 99.0 99.00
2020 04 01 18 00 999  6.2  7.7 99.00 99.00 99.00 999 9999.0  16.7 999.0 999.0 99.0 99.00
2020 04 01 19 00 999  5.1  6.7 99.00 99.00 99.00 999 9999.0  17.2 999.0 999.0 99.0 99.00
2020 04 01 20 00 999  4.1  5.7 99.00 99.00 99.00 999 9999.0  17.6 999.0 999.0 99.0 99.00
2020 04 01 21 00 999  3.1  5.1 99.00 99.00 99.00 999 9999.0  18.3 999.0 999.0 99.0 99.00
2020 04 01 22 00 999  2.6  4.6 99.00 99.00 99.00 999 9999.0  18.6 999.0 999.0 99.0 99.00
2020 04 01 23 00 999  3.6  5.1 99.00 99.00 99.00 999 9999.0  19.6 999.0 999.0 99.0 99.00
2020 04 02 00 00 999  3.6  5.1 99.00 99.00 99.00 999 9999.0  19.5 999.0 999.0 99.0 99.00
2020 04 02 01 00 999  4.1  5.7 99.00 99.00 99.00 999 9999.0  19.5 999.0 999.0 99.0 99.00
2020 04 02 02 00 999  3.6  5.1 99.00 99.00 99.00 999 9999.0  19.6 999.0 999.0 99.0 99.00
2020 04 02 03 00 999  3.6  5.1 99.00 99.00 99.00 999 9999.0  20.1 999.0 999.0 99.0 99.00
2020 04 02 04 00 999  4.1  5.1 99.00 99.00 99.00 999 9999.0  20.0 999.0 999.0 99.0 99.00
2020 04 02 05 00 999  4.6  5.7 99.00 99.00 99.00 999 9999.0  19.6 999.0 999.0 99.0 99.00
2020 04 02 06 00 999  5.1  6.7 99.00 99.00 99.00 999 9999.0  19.9 999.0 999.0 99.0 99.00
2020 04 02 07 00 999  4.6  5.7 99.00 99.00 99.00 999 9999.0  19.6 999.0 999.0 99.0 99.00
2020 04 02 08 00 999  5.1  6.7 99.00 99.00 99.00 999 9999.0  19.8 999.0 999.0 99.0 99.00
2020 04 02 09 00 999  4.6  6.7 99.00 99.00 99.00 999 9999.0  19.7 999.0 999.0 99.0 99.00
2020 04 02 10 00 999  5.1  6.7 99.00 99.00 99.00 999 9999.0  19.9 999.0 999.0 99.0 99.00
2020 04 02 11 00 999  4.6  6.7 99.00 99.00 99.00 999 9999.0  20.1 999.0 999.0 99.0 99.00
2020 04 02 12 00 999  5.1  6.2 99.00 99.00 99.00 999 9999.0  20.1 999.0 999.0 99.0 99.00
2020 04 02 13 00 999  6.2  7.2 99.00 99.00 99.00 999 9999.0  20.0 999.0 999.0 99.0 99.00
2020 04 02 14 00 999  6.2  7.2 99.00 99.00 99.00 999 9999.0  19.9 999.0 999.0 99.0 99.00
2020 04 02 15 00 999  6.7  7.7 99.00 99.00 99.00 999 9999.0  19.9 999.0 999.0 99.0 99.00
2020 04 02 16 00 999  6.2  7.2 99.00 99.00 99.00 999 9999.0  20.1 999.0 999.0 99.0 99.00
2020 04 02 17 00 999  8.2  9.3 99.00 99.00 99.00 999 9999.0  20.0 999.0 999.0 99.0 99.00
2020 04 02 18 00 999  7.7  9.3 99.00 99.00 99.00 999 9999.0  19.9 999.0 999.0 99.0 99.00
2020 04 02 19 00 999  8.2  9.3 99.00 99.00 99.00 999 9999.0  20.0 999.0 999.0 99.0 99.00
2020 04 02 20 00 999  8.2  9.3 99.00 99.00 99.00 999 9999.0  20.4 999.0 999.0 99.0 99.00
2020 04 02 21 00 999  7.2  8.8 99.00 99.00 99.00 999 9999.0  20.6 999.0 999.0 99.0 99.00
2020 04 02 22 00 999  5.7  7.2 99.00 99.00 99.00 999 9999.0  21.0 999.0 999.0 99.0 99.00
2020 04 02 23 00 999  6.2  7.7 99.00 99.00 99.00 999 9999.0  21.0 999.0 999.0 99.0 99.00
2020 04 03 00 00 999  6.2  7.2 99.00 99.00 99.00 999 9999.0  21.0 999.0 999.0 99.0 99.00
2020 04 03 01 00 999  7.7  8.8 99.00 99.00 99.00 999 9999.0  21.1 999.0 999.0 99.0 99.00
2020 04 03 02 00 999  9.8 11.3 99.00 99.00 99.00 999 9999.0  21.3 999.0 999.0 99.0 99.00
2020 04 03 03 00 999  7.2  8.2 99.00 99.00 99.00 999 9999.0  21.5 999.0 999.0 99.0 99.00
2020 04 03 04 00 999  8.2  9.8 99.00 99.00 99.00 999 9999.0  21.7 999.0 999.0 99.0 99.00
2020 04 03 05 00 999  7.2  8.2 99.00 99.00 99.00 999 9999.0  21.6 999.0 999.0 99.0 99.00
2020 04 03 06 00 999  6.2  6.7 99.00 99.00 99.00 999 9999.0  21.7 999.0 999.0 99.0 99.00
2020 04 03 07 00 999  5.1  6.2 99.00 99.00 99.00 999 9999.0  21.0 999.0 999.0 99.0 99.00
2020 04 03 08 00 999  6.7  7.2 99.00 99.00 99.00 999 9999.0  20.2 999.0 999.0 99.0 99.00
2020 04 03 09 00 999  6.7  7.7 99.00 99.00 99.00 999 9999.0  19.9 999.0 999.0 99.0 99.00
2020 04 03 10 00 999  7.2  8.2 99.00 99.00 99.00 999 9999.0  19.9 999.0 999.0 99.0 99.00
2020 04 03 11 00 999  6.7  7.7 99.00 99.00 99.00 999 9999.0  20.0 999.0 999.0 99.0 99.00
2020 04 03 12 00 999  7.7  8.8 99.00 99.00 99.00 999 9999.0  20.1 999.0 999.0 99.0 99.00
2020 04 03 13 00 999  7.7  8.8 99.00 99.00 99.00 999 9999.0  20.2 999.0 999.0 99.0 99.00
2020 04 03 14 00 999  7.7  9.3 99.00 99.00 99.00 999 9999.0  20.1 999.0 999.0 99.0 99.00
2020 04 03 15 00 999  7.2  8.8 99.00 99.00 99.00 999 9999.0  20.4 999.0 999.0 99.0 99.00
2020 04 03 16 00 999  7.2  8.2 99.00 99.00 99.00 999 9999.0  20.4 999.0 999.0 99.0 99.00
2020 04 03 17 00 999  8.2  9.8 99.00 99.00 99.00 999 9999.0  20.5 999.0 999.0 99.0 99.00
2020 04 03 18 00 999  7.7  9.3 99.00 99.00 99.00 999 9999.0  21.1 999.0 999.0 99.0 99.00
2020 04 03 19 00 999  7.2  8.8 99.00 99.00 99.00 999 9999.0  21.5 999.0 999.0 99.0 99.00
2020 04 03 20 00 999  6.2  7.2 99.00 99.00 99.00 999 9999.0  21.9 999.0 999.0 99.0 99.00
2020 04 03 21 00 999  6.7  8.2 99.00 99.00 99.00 999 9999.0  21.9 999.0 999.0 99.0 99.00
2020 04 03 22 00 999  7.2  8.2 99.00 99.00 99.00 999 9999.0  21.9 999.0 999.0 99.0 99.00
2020 04 03 23 00 999  7.2  8.2 99.00 99.00 99.00 999 9999.0  22.0 999.0 999.0 99.0 99.00
2020 04 04 00 00 999  7.2  8.8 99.00 99.00 99.00 999 9999.0  21.8 999.0 999.0 99.0 99.00
2020 04 04 01 00 999  7.7  8.8 99.00 99.00 99.00 999 9999.0  21.7 999.0 999.0 99.0 99.00
2020 04 04 02 00 999  6.7  8.2 99.00 99.00 99.00 999 9999.0  21.7 999.0 999.0 99.0 99.00
2020 04 04 03 00 999  6.2  6.7 99.00 99.00 99.00 999 9999.0  21.8 999.0 999.0 99.0 99.00
2020 04 04 04 00 999  5.1  6.2 99.00 99.00 99.00 999 9999.0  21.0 999.0 999.0 99.0 99.00
2020 04 04 05 00 999  5.7  6.7 99.00 99.00 99.00 999 9999.0  20.7 999.0 999.0 99.0 99.00
2020 04 04 06 00 999  5.7  6.7 99.00 99.00 99.00 999 9999.0  20.8 999.0 999.0 99.0 99.00
2020 04 04 07 00 999  4.1  4.6 99.00 99.00 99.00 999 9999.0  20.6 999.0 999.0 99.0 99.00
2020 04 04 08 00 999  4.1  5.1 99.00 99.00 99.00 999 9999.0  20.3 999.0 999.0 99.0 99.00
2020 04 04 09 00 999  5.7  6.7 99.00 99.00 99.00 999 9999.0  20.1 999.0 999.0 99.0 99.00
2020 04 04 10 00 999  4.1  4.6 99.00 99.00 99.00 999 9999.0  20.1 999.0 999.0 99.0 99.00
2020 04 04 11 00 999  4.6  5.1 99.00 99.00 99.00 999 9999.0  20.0 999.0 999.0 99.0 99.00
2020 04 04 12 00 999  6.2  7.2 99.00 99.00 99.00 999 9999.0  19.9 999.0 999.0 99.0 99.00
2020 04 04 13 00 999  6.7  7.7 99.00 99.00 99.00 999 9999.0  20.1 999.0 999.0 99.0 99.00
2020 04 04 14 00 999  7.2  8.2 99.00 99.00 99.00 999 9999.0  19.9 999.0 999.0 99.0 99.00
2020 04 04 15 00 999  6.7  7.2 99.00 99.00 99.00 999 9999.0  20.0 999.0 999.0 99.0 99.00
2020 04 04 16 00 999  5.1  6.7 99.00 99.00 99.00 999 9999.0  20.2 999.0 999.0 99.0 99.00
2020 04 04 17 00 999  5.7  6.7 99.00 99.00 99.00 999 9999.0  20.2 999.0 999.0 99.0 99.00
2020 04 04 18 00 999  6.2  7.2 99.00 99.00 99.00 999 9999.0  20.4 999.0 999.0 99.0 99.00
2020 04 04 19 00 999  6.2  7.7 99.00 99.00 99.00 999 9999.0  20.5 999.0 999.0 99.0 99.00
2020 04 04 20 00 999  8.8  9.8 99.00 99.00 99.00 999 9999.0  19.8 999.0 999.0 99.0 99.00
2020 04 04 21 00 999  7.7  9.3 99.00 99.00 99.00 999 9999.0  19.4 999.0 999.0 99.0 99.00
2020 04 04 22 00 999 10.3 11.8 99.00 99.00 99.00 999 9999.0  17.8 999.0 999.0 99.0 99.00
2020 04 04 23 00 999  8.8  9.8 99.00 99.00 99.00 999 9999.0  17.1 999.0 999.0 99.0 99.00
2020 04 05 00 00 999  9.3 10.8 99.00 99.00 99.00 999 9999.0  16.8 999.0 999.0 99.0 99.00
2020 04 05 01 00 999 11.3 13.9 99.00 99.00 99.00 999 9999.0  16.5 999.0 999.0 99.0 99.00
2020 04 05 02 00 999 11.3 13.4 99.00 99.00 99.00 999 9999.0  17.3 999.0 999.0 99.0 99.00
2020 04 05 03 00 999  9.8 12.4 99.00 99.00 99.00 999 9999.0  17.6 999.0 999.0 99.0 99.00
2020 04 05 04 00 999  7.2  9.3 99.00 99.00 99.00 999 9999.0  17.3 999.0 999.0 99.0 99.00
2020 04 05 05 00 999  5.1  6.2 99.00 99.00 99.00 999 9999.0  17.1 999.0 999.0 99.0 99.00
2020 04 05 06 00 999  6.7  8.2 99.00 99.00 99.00 999 9999.0  17.5 999.0 999.0 99.0 99.00
2020 04 05 07 00 999  8.8 10.3 99.00 99.00 99.00 999 9999.0  17.1 999.0 999.0 99.0 99.00
2020 04 05 08 00 999 13.9 16.5 99.00 99.00 99.00 999 9999.0  17.8 999.0 999.0 99.0 99.00
2020 04 05 09 00 999  8.8 10.3 99.00 99.00 99.00 999 9999.0  18.2 999.0 999.0 99.0 99.00
2020 04 05 10 00 999  6.2  7.2 99.00 99.00 99.00 999 9999.0  17.1 999.0 999.0 99.0 99.00
2020 04 05 11 00 999  7.2  8.2 99.00 99.00 99.00 999 9999.0  17.4 999.0 999.0 99.0 99.00
2020 04 05 12 00 999  6.7  7.2 99.00 99.00 99.00 999 9999.0  17.4 999.0 999.0 99.0 99.00
2020 04 05 13 00 999  7.2  8.2 99.00 99.00 99.00 999 9999.0  17.5 999.0 999.0 99.0 99.00
2020 04 05 14 00 999  5.7  6.7 99.00 99.00 99.00 999 9999.0  18.0 999.0 999.0 99.0 99.00
2020 04 05 15 00 999  4.6  5.7 99.00 99.00 99.00 999 9999.0  18.8 999.0 999.0 99.0 99.00
2020 04 05 16 00 999  6.2  7.2 99.00 99.00 99.00 999 9999.0  19.5 999.0 999.0 99.0 99.00
2020 04 05 17 00 999  4.6  5.1 99.00 99.00 99.00 999 9999.0  20.1 999.0 999.0 99.0 99.00
2020 04 05 18 00 999  3.6  4.1 99.00 99.00 99.00 999 9999.0  20.2 999.0 999.0 99.0 99.00
2020 04 05 19 00 999  5.1  6.2 99.00 99.00 99.00 999 9999.0  20.9 999.0 999.0 99.0 99.00
2020 04 05 20 00 999  5.1  6.2 99.00 99.00 99.00 999 9999.0  21.5 999.0 999.0 99.0 99.00
2020 04 05 21 00 999  4.6  5.7 99.00 99.00 99.00 999 9999.0  21.7 999.0 999.0 99.0 99.00
2020 04 05 22 00 999  6.2  6.7 99.00 99.00 99.00 999 9999.0  22.0 999.0 999.0 99.0 99.00
2020 04 05 23 00 999  6.2  7.2 99.00 99.00 99.00 999 9999.0  21.8 999.0 999.0 99.0 99.00
2020 04 06 00 00 999  7.2  7.7 99.00 99.00 99.00 999 9999.0  21.6 999.0 999.0 99.0 99.00
2020 04 06 01 00 999  6.7  7.7 99.00 99.00 99.00 999 9999.0  21.6 999.0 999.0 99.0 99.00
2020 04 06 02 00 999  6.7  7.7 99.00 99.00 99.00 999 9999.0  21.6 999.0 999.0 99.0 99.00
2020 04 06 03 00 999  6.2  7.2 99.00 99.00 99.00 999 9999.0  21.6 999.0 999.0 99.0 99.00
2020 04 06 04 00 999  6.7  7.2 99.00 99.00 99.00 999 9999.0  21.3 999.0 999.0 99.0 99.00
2020 04 06 05 00 999  5.1  5.7 99.00 99.00 99.00 999 9999.0  21.3 999.0 999.0 99.0 99.00
2020 04 06 06 00 999  5.7  6.2 99.00 99.00 99.00 999 9999.0  21.2 999.0 999.0 99.0 99.00
2020 04 06 07 00 999  4.1  5.1 99.00 99.00 99.00 999 9999.0  20.4 999.0 999.0 99.0 99.00
2020 04 06 08 00 999  5.1  5.7 99.00 99.00 99.00 999 9999.0  20.1 999.0 999.0 99.0 99.00
2020 04 06 09 00 999  4.1  5.1 99.00 99.00 99.00 999 9999.0  19.8 999.0 999.0 99.0 99.00
2020 04 06 10 00 999  5.1  6.2 99.00 99.00 99.00 999 9999.0  19.7 999.0 999.0 99.0 99.00
2020 04 06 11 00 999  6.7  9.8 99.00 99.00 99.00 999 9999.0  19.6 999.0 999.0 99.0 99.00
2020 04 06 12 00 999  6.7  7.7 99.00 99.00 99.00 999 9999.0  19.9 999.0 999.0 99.0 99.00
2020 04 06 13 00 999  6.7  7.7 99.00 99.00 99.00 999 9999.0  19.9 999.0 999.0 99.0 99.00
2020 04 06 14 00 999  6.7  8.2 99.00 99.00 99.00 999 9999.0  19.9 999.0 999.0 99.0 99.00
2020 04 06 15 00 999  6.2  7.2 99.00 99.00 99.00 999 9999.0  19.8 999.0 999.0 99.0 99.00
2020 04 06 16 00 999  7.2  8.2 99.00 99.00 99.00 999 9999.0  20.1 999.0 999.0 99.0 99.00
2020 04 06 17 00 999  6.7  7.7 99.00 99.00 99.00 999 9999.0  20.7 999.0 999.0 99.0 99.00
2020 04 06 18 00 999  7.2  8.2 99.00 99.00 99.00 999 9999.0  21.0 999.0 999.0 99.0 99.00
2020 04 06 19 00 999  7.7  8.8 99.00 99.00 99.00 999 9999.0  21.3 999.0 999.0 99.0 99.00
2020 04 06 20 00 999  7.7  8.8 99.00 99.00 99.00 999 9999.0  21.3 999.0 999.0 99.0 99.00
2020 04 06 21 00 999  6.7  7.7 99.00 99.00 99.00 999 9999.0  21.2 999.0 999.0 99.0 99.00
2020 04 06 22 00 999  6.7  7.7 99.00 99.00 99.00 999 9999.0  21.3 999.0 999.0 99.0 99.00
2020 04 06 23 00 999  7.2  8.2 99.00 99.00 99.00 999 9999.0  21.5 999.0 999.0 99.0 99.00
2020 04 07 00 00 999  6.7  7.7 99.00 99.00 99.00 999 9999.0  21.5 999.0 999.0 99.0 99.00
2020 04 07 01 00 999  5.1  6.2 99.00 99.00 99.00 999 9999.0  21.2 999.0 999.0 99.0 99.00
2020 04 07 02 00 999  6.7  7.7 99.00 99.00 99.00 999 9999.0  21.3 999.0 999.0 99.0 99.00
2020 04 07 03 00 999  5.7  6.7 99.00 99.00 99.00 999 9999.0  21.1 999.0 999.0 99.0 99.00
2020 04 07 04 00 999  6.2  7.2 99.00 99.00 99.00 999 9999.0  21.1 999.0 999.0 99.0 99.00
2020 04 07 05 00 999  5.1  5.7 99.00 99.00 99.00 999 9999.0  21.2 999.0 999.0 99.0 99.00
2020 04 07 06 00 999  5.1  5.7 99.00 99.00 99.00 999 9999.0  21.0 999.0 999.0 99.0 99.00
2020 04 07 07 00 999  5.7  6.2 99.00 99.00 99.00 999 9999.0  21.1 999.0 999.0 99.0 99.00
2020 04 07 08 00 999  6.2  6.7 99.00 99.00 99.00 999 9999.0  21.4 999.0 999.0 99.0 99.00
2020 04 07 09 00 999  5.1  5.1 99.00 99.00 99.00 999 9999.0  21.5 999.0 999.0 99.0 99.00
2020 04 07 10 00 999  5.1  5.7 99.00 99.00 99.00 999 9999.0  21.5 999.0 999.0 99.0 99.00
2020 04 07 11 00 999  4.6  5.1 99.00 99.00 99.00 999 9999.0  21.6 999.0 999.0 99.0 99.00
2020 04 07 12 00 999  4.6  5.1 99.00 99.00 99.00 999 9999.0  21.8 999.0 999.0 99.0 99.00
2020 04 07 13 00 999  3.6  4.1 99.00 99.00 99.00 999 9999.0  21.8 999.0 999.0 99.0 99.00
2020 04 07 14 00 999  3.1  3.6 99.00 99.00 99.00 999 9999.0  22.1 999.0 999.0 99.0 99.00
2020 04 07 15 00 999  4.1  5.1 99.00 99.00 99.00 999 9999.0  23.1 999.0 999.0 99.0 99.00
2020 04 07 16 00 999  1.5  3.1 99.00 99.00 99.00 999 9999.0  23.8 999.0 999.0 99.0 99.00
2020 04 07 17 00 999  2.1  3.6 99.00 99.00 99.00 999 9999.0  24.0 999.0 999.0 99.0 99.00
2020 04 07 18 00 999  2.6  4.1 99.00 99.00 99.00 999 9999.0  24.1 999.0 999.0 99.0 99.00
2020 04 07 19 00 999  1.5  3.1 99.00 99.00 99.00 999 9999.0  24.3 999.0 999.0 99.0 99.00
2020 04 07 20 00 999  1.0  2.1 99.00 99.00 99.00 999 9999.0  25.3 999.0 999.0 99.0 99.00
2020 04 07 21 00 999  1.0  2.1 99.00 99.00 99.00 999 9999.0  25.3 999.0 999.0 99.0 99.00
2020 04 07 22 00 999  1.0  2.1 99.00 99.00 99.00 999 9999.0  25.1 999.0 999.0 99.0 99.00
2020 04 07 23 00 999  1.0  2.6 99.00 99.00 99.00 999 9999.0  24.6 999.0 999.0 99.0 99.00
2020 04 08 00 00 999  1.0  1.5 99.00 99.00 99.00 999 9999.0  24.1 999.0 999.0 99.0 99.00
2020 04 08 01 00 999  1.5  2.6 99.00 99.00 99.00 999 9999.0  23.4 999.0 999.0 99.0 99.00
2020 04 08 02 00 999  1.5  3.1 99.00 99.00 99.00 999 9999.0  23.1 999.0 999.0 99.0 99.00
2020 04 08 03 00 999  3.6  5.1 99.00 99.00 99.00 999 9999.0  23.2 999.0 999.0 99.0 99.00
2020 04 08 04 00 999  2.1  4.1 99.00 99.00 99.00 999 9999.0  23.1 999.0 999.0 99.0 99.00
2020 04 08 05 00 999  1.5  2.1 99.00 99.00 99.00 999 9999.0  23.2 999.0 999.0 99.0 99.00
2020 04 08 06 00 999  1.5  2.1 99.00 99.00 99.00 999 9999.0  23.2 999.0 999.0 99.0 99.00
2020 04 08 07 00 999  1.5  2.6 99.00 99.00 99.00 999 9999.0  23.1 999.0 999.0 99.0 99.00
2020 04 08 08 00 999  2.6  3.1 99.00 99.00 99.00 999 9999.0  22.9 999.0 999.0 99.0 99.00
2020 04 08 09 00 999  2.6  3.6 99.00 99.00 99.00 999 9999.0  22.9 999.0 999.0 99.0 99.00
2020 04 08 10 00 999  2.6  3.6 99.00 99.00 99.00 999 9999.0  22.9 999.0 999.0 99.0 99.00
2020 04 08 11 00 999  2.1  3.1 99.00 99.00 99.00 999 9999.0  23.0 999.0 999.0 99.0 99.00
2020 04 08 12 00 999  1.5  2.6 99.00 99.00 99.00 999 9999.0  22.9 999.0 999.0 99.0 99.00
2020 04 08 13 00 999  2.1  3.6 99.00 99.00 99.00 999 9999.0  23.0 999.0 999.0 99.0 99.00
2020 04 08 14 00 999  1.5  2.6 99.00 99.00 99.00 999 9999.0  23.2 999.0 999.0 99.0 99.00
2020 04 08 15 00 999  1.0  2.1 99.00 99.00 99.00 999 9999.0  23.4 999.0 999.0 99.0 99.00
2020 04 08 16 00 999  1.5  2.6 99.00 99.00 99.00 999 9999.0  24.4 999.0 999.0 99.0 99.00
2020 04 08 17 00 999  2.1  3.1 99.00 99.00 99.00 999 9999.0  24.6 999.0 999.0 99.0 99.00
2020 04 08 18 00 999  2.1  3.6 99.00 99.00 99.00 999 9999.0  25.5 999.0 999.0 99.0 99.00
2020 04 08 19 00 999  1.5  3.1 99.00 99.00 99.00 999 9999.0  25.3 999.0 999.0 99.0 99.00
2020 04 08 20 00 999  2.1  3.1 99.00 99.00 99.00 999 9999.0  25.3 999.0 999.0 99.0 99.00
2020 04 08 21 00 999  2.6  3.6 99.00 99.00 99.00 999 9999.0  24.7 999.0 999.0 99.0 99.00
2020 04 08 22 00 999  2.1  3.6 99.00 99.00 99.00 999 9999.0  24.7 999.0 999.0 99.0 99.00
2020 04 08 23 00 999  2.6  4.6 99.00 99.00 99.00 999 9999.0  24.7 999.0 999.0 99.0 99.00
2020 04 09 00 00 999  2.6  4.1 99.00 99.00 99.00 999 9999.0  24.3 999.0 999.0 99.0 99.00
2020 04 09 01 00 999  2.6  4.6 99.00 99.00 99.00 999 9999.0  24.0 999.0 999.0 99.0 99.00
2020 04 09 02 00 999  2.1  4.6 99.00 99.00 99.00 999 9999.0  23.9 999.0 999.0 99.0 99.00
2020 04 09 03 00 999  1.5  2.6 99.00 99.00 99.00 999 9999.0  23.8 999.0 999.0 99.0 99.00
2020 04 09 04 00 999  1.5  2.6 99.00 99.00 99.00 999 9999.0  23.6 999.0 999.0 99.0 99.00
2020 04 09 05 00 999  2.6  3.6 99.00 99.00 99.00 999 9999.0  23.4 999.0 999.0 99.0 99.00
2020 04 09 06 00 999  2.1  3.6 99.00 99.00 99.00 999 9999.0  23.3 999.0 999.0 99.0 99.00
2020 04 09 07 00 999  3.1  6.7 99.00 99.00 99.00 999 9999.0  23.5 999.0 999.0 99.0 99.00
2020 04 09 08 00 999  6.2  7.7 99.00 99.00 99.00 999 9999.0  23.3 999.0 999.0 99.0 99.00
2020 04 09 09 00 999  6.2  7.2 99.00 99.00 99.00 999 9999.0  23.4 999.0 999.0 99.0 99.00
2020 04 09 10 00 999  5.7  6.7 99.00 99.00 99.00 999 9999.0  23.4 999.0 999.0 99.0 99.00
2020 04 09 11 00 999  5.1  6.2 99.00 99.00 99.00 999 9999.0  23.3 999.0 999.0 99.0 99.00
2020 04 09 12 00 999  4.1  5.1 99.00 99.00 99.00 999 9999.0  23.2 999.0 999.0 99.0 99.00
2020 04 09 13 00 999  4.1  5.7 99.00 99.00 99.00 999 9999.0  23.0 999.0 999.0 99.0 99.00
2020 04 09 14 00 999  4.6  5.7 99.00 99.00 99.00 999 9999.0  23.2 999.0 999.0 99.0 99.00
2020 04 09 15 00 999  4.1  5.1 99.00 99.00 99.00 999 9999.0  23.7 999.0 999.0 99.0 99.00
2020 04 09 16 00 999  2.1  4.6 99.00 99.00 99.00 999 9999.0  24.8 999.0 999.0 99.0 99.00
2020 04 09 17 00 999  2.6  4.1 99.00 99.00 99.00 999 9999.0  23.9 999.0 999.0 99.0 99.00
2020 04 09 18 00 999  2.6  4.6 99.00 99.00 99.00 999 9999.0  24.8 999.0 999.0 99.0 99.00
2020 04 09 19 00 999  3.1  5.1 99.00 99.00 99.00 999 9999.0  24.5 999.0 999.0 99.0 99.00
2020 04 09 20 00 999  2.1  4.6 99.00 99.00 99.00 999 9999.0  25.8 999.0 999.0 99.0 99.00
2020 04 09 21 00 999  2.1  3.6 99.00 99.00 99.00 999 9999.0  25.1 999.0 999.0 99.0 99.00
2020 04 09 22 00 999  1.5  3.6 99.00 99.00 99.00 999 9999.0  24.8 999.0 999.0 99.0 99.00
2020 04 09 23 00 999  3.1  4.1 99.00 99.00 99.00 999 9999.0  24.8 999.0 999.0 99.0 99.00
2020 04 10 00 00 999  2.1  4.1 99.00 99.00 99.00 999 9999.0  24.5 999.0 999.0 99.0 99.00
2020 04 10 01 00 999  2.1  4.1 99.00 99.00 99.00 999 9999.0  24.3 999.0 999.0 99.0 99.00
2020 04 10 02 00 999  4.6  7.7 99.00 99.00 99.00 999 9999.0  24.5 999.0 999.0 99.0 99.00
2020 04 10 03 00 999  8.2 11.8 99.00 99.00 99.00 999 9999.0  24.0 999.0 999.0 99.0 99.00
2020 04 10 04 00 999  7.7 10.8 99.00 99.00 99.00 999 9999.0  21.9 999.0 999.0 99.0 99.00
2020 04 10 05 00 999  7.2  8.8 99.00 99.00 99.00 999 9999.0  21.8 999.0 999.0 99.0 99.00
2020 04 10 06 00 999  7.2  9.3 99.00 99.00 99.00 999 9999.0  21.6 999.0 999.0 99.0 99.00
2020 04 10 07 00 999  5.1  7.2 99.00 99.00 99.00 999 9999.0  21.3 999.0 999.0 99.0 99.00
2020 04 10 08 00 999  3.6  6.7 99.00 99.00 99.00 999 9999.0  21.4 999.0 999.0 99.0 99.00
2020 04 10 09 00 999  8.8  9.8 99.00 99.00 99.00 999 9999.0  20.8 999.0 999.0 99.0 99.00
2020 04 10 10 00 999  8.2  9.8 99.00 99.00 99.00 999 9999.0  20.5 999.0 999.0 99.0 99.00
2020 04 10 11 00 999  5.7  6.7 99.00 99.00 99.00 999 9999.0  20.4 999.0 999.0 99.0 99.00
2020 04 10 12 00 999  6.2  7.2 99.00 99.00 99.00 999 9999.0  20.1 999.0 999.0 99.0 99.00
2020 04 10 13 00 999  5.7  7.2 99.00 99.00 99.00 999 9999.0  19.5 999.0 999.0 99.0 99.00
2020 04 10 14 00 999  3.6  5.1 99.00 99.00 99.00 999 9999.0  19.6 999.0 999.0 99.0 99.00
2020 04 10 15 00 999  8.2 10.8 99.00 99.00 99.00 999 9999.0  19.6 999.0 999.0 99.0 99.00
2020 04 10 16 00 999 10.8 12.4 99.00 99.00 99.00 999 9999.0  20.2 999.0 999.0 99.0 99.00
2020 04 10 17 00 999 10.3 11.8 99.00 99.00 99.00 999 9999.0  20.2 999.0 999.0 99.0 99.00
2020 04 10 18 00 999  9.3 11.3 99.00 99.00 99.00 999 9999.0  20.2 999.0 999.0 99.0 99.00
2020 04 10 19 00 999  8.2  9.8 99.00 99.00 99.00 999 9999.0  20.2 999.0 999.0 99.0 99.00
2020 04 10 20 00 999  7.7  9.8 99.00 99.00 99.00 999 9999.0  20.6 999.0 999.0 99.0 99.00
2020 04 10 21 00 999  7.7  9.3 99.00 99.00 99.00 999 9999.0  21.0 999.0 999.0 99.0 99.00
2020 04 10 22 00 999  6.7  8.2 99.00 99.00 99.00 999 9999.0  21.2 999.0 999.0 99.0 99.00
2020 04 10 23 00 999  6.7  8.2 99.00 99.00 99.00 999 9999.0  21.1 999.0 999.0 99.0 99.00
2020 04 11 00 00 999  6.7  7.7 99.00 99.00 99.00 999 9999.0  21.0 999.0 999.0 99.0 99.00
2020 04 11 01 00 999  6.7  7.7 99.00 99.00 99.00 999 9999.0  21.0 999.0 999.0 99.0 99.00
2020 04 11 02 00 999  6.7  7.7 99.00 99.00 99.00 999 9999.0  20.8 999.0 999.0 99.0 99.00
2020 04 11 03 00 999  5.7  6.7 99.00 99.00 99.00 999 9999.0  21.0 999.0 999.0 99.0 99.00
2020 04 11 04 00 999  6.2  7.2 99.00 99.00 99.00 999 9999.0  20.3 999.0 999.0 99.0 99.00
2020 04 11 05 00 999  6.7  7.7 99.00 99.00 99.00 999 9999.0  20.4 999.0 999.0 99.0 99.00
2020 04 11 06 00 999  6.2  7.2 99.00 99.00 99.00 999 9999.0  20.4 999.0 999.0 99.0 99.00
2020 04 11 07 00 999  7.2  8.2 99.00 99.00 99.00 999 9999.0  20.3 999.0 999.0 99.0 99.00
2020 04 11 08 00 999  7.2  8.2 99.00 99.00 99.00 999 9999.0  20.2 999.0 999.0 99.0 99.00
2020 04 11 09 00 999  8.2  9.3 99.00 99.00 99.00 999 9999.0  20.0 999.0 999.0 99.0 99.00
2020 04 11 10 00 999  8.8  9.8 99.00 99.00 99.00 999 9999.0  19.7 999.0 999.0 99.0 99.00
2020 04 11 11 00 999  8.8  9.8 99.00 99.00 99.00 999 9999.0  19.5 999.0 999.0 99.0 99.00
2020 04 11 12 00 999  8.8  9.8 99.00 99.00 99.00 999 9999.0  19.4 999.0 999.0 99.0 99.00
2020 04 11 13 00 999  8.8 10.3 99.00 99.00 99.00 999 9999.0  19.2 999.0 999.0 99.0 99.00
2020 04 11 14 00 999  8.8 10.3 99.00 99.00 99.00 999 9999.0  19.1 999.0 999.0 99.0 99.00
2020 04 11 15 00 999  8.8  9.8 99.00 99.00 99.00 999 9999.0  19.3 999.0 999.0 99.0 99.00
2020 04 11 16 00 999  8.8  9.8 99.00 99.00 99.00 999 9999.0  19.4 999.0 999.0 99.0 99.00
2020 04 11 17 00 999  7.7  9.3 99.00 99.00 99.00 999 9999.0  19.8 999.0 999.0 99.0 99.00
2020 04 11 18 00 999  9.8 10.8 99.00 99.00 99.00 999 9999.0  21.3 999.0 999.0 99.0 99.00
2020 04 11 19 00 999  9.8 11.8 99.00 99.00 99.00 999 9999.0  21.4 999.0 999.0 99.0 99.00
2020 04 11 20 00 999  9.3 10.8 99.00 99.00 99.00 999 9999.0  21.5 999.0 999.0 99.0 99.00
2020 04 11 21 00 999  8.8  9.8 99.00 99.00 99.00 999 9999.0  21.6 999.0 999.0 99.0 99.00
2020 04 11 22 00 999  9.3 10.8 99.00 99.00 99.00 999 9999.0  21.8 999.0 999.0 99.0 99.00
2020 04 11 23 00 999  8.2  9.3 99.00 99.00 99.00 999 9999.0  21.7 999.0 999.0 99.0 99.00
2020 04 12 00 00 999  8.8 11.3 99.00 99.00 99.00 999 9999.0  21.9 999.0 999.0 99.0 99.00
2020 04 12 01 00 999  9.3 10.8 99.00 99.00 99.00 999 9999.0  21.7 999.0 999.0 99.0 99.00
2020 04 12 02 00 999 10.3 11.8 99.00 99.00 99.00 999 9999.0  21.7 999.0 999.0 99.0 99.00
2020 04 12 03 00 999  9.8 11.3 99.00 99.00 99.00 999 9999.0  21.4 999.0 999.0 99.0 99.00
2020 04 12 04 00 999  9.3 11.3 99.00 99.00 99.00 999 9999.0  21.2 999.0 999.0 99.0 99.00
2020 04 12 05 00 999  8.2  9.8 99.00 99.00 99.00 999 9999.0  21.3 999.0 999.0 99.0 99.00
2020 04 12 06 00 999  7.2  8.2 99.00 99.00 99.00 999 9999.0  21.6 999.0 999.0 99.0 99.00
2020 04 12 07 00 999  8.2  9.8 99.00 99.00 99.00 999 9999.0  22.2 999.0 999.0 99.0 99.00
2020 04 12 08 00 999  8.2  9.8 99.00 99.00 99.00 999 9999.0  22.2 999.0 999.0 99.0 99.00
2020 04 12 09 00 999  8.8 10.3 99.00 99.00 99.00 999 9999.0  22.5 999.0 999.0 99.0 99.00
2020 04 12 10 00 999  9.8 11.3 99.00 99.00 99.00 999 9999.0  22.8 999.0 999.0 99.0 99.00
2020 04 12 11 00 999  7.7  8.8 99.00 99.00 99.00 999 9999.0  23.0 999.0 999.0 99.0 99.00
2020 04 12 12 00 999  7.2  7.7 99.00 99.00 99.00 999 9999.0  23.2 999.0 999.0 99.0 99.00
2020 04 12 13 00 999  8.8 10.3 99.00 99.00 99.00 999 9999.0  24.4 999.0 999.0 99.0 99.00
2020 04 12 14 00 999  7.2  8.8 99.00 99.00 99.00 999 9999.0  26.1 999.0 999.0 99.0 99.00
2020 04 12 15 00 999  7.2  8.8 99.00 99.00 99.00 999 9999.0  26.2 999.0 999.0 99.0 99.00
2020 04 12 16 00 999  7.7 10.3 99.00 99.00 99.00 999 9999.0  26.2 999.0 999.0 99.0 99.00
2020 04 12 17 00 999  5.1  7.7 99.00 99.00 99.00 999 9999.0  24.6 999.0 999.0 99.0 99.00
2020 04 12 18 00 999  2.6  5.1 99.00 99.00 99.00 999 9999.0  24.7 999.0 999.0 99.0 99.00
2020 04 12 19 00 999  3.6  6.7 99.00 99.00 99.00 999 9999.0  24.7 999.0 999.0 99.0 99.00
2020 04 12 20 00 999  5.7  8.2 99.00 99.00 99.00 999 9999.0  24.7 999.0 999.0 99.0 99.00
2020 04 12 21 00 999  3.1  5.7 99.00 99.00 99.00 999 9999.0  24.5 999.0 999.0 99.0 99.00
2020 04 12 22 00 999  3.1  5.7 99.00 99.00 99.00 999 9999.0  24.3 999.0 999.0 99.0 99.00
2020 04 12 23 00 999  3.6  6.7 99.00 99.00 99.00 999 9999.0  24.1 999.0 999.0 99.0 99.00
2020 04 13 00 00 999  5.7  7.2 99.00 99.00 99.00 999 9999.0  24.3 999.0 999.0 99.0 99.00
2020 04 13 01 00 999  4.1  6.7 99.00 99.00 99.00 999 9999.0  24.0 999.0 999.0 99.0 99.00
2020 04 13 02 00 999  4.6  8.2 99.00 99.00 99.00 999 9999.0  24.0 999.0 999.0 99.0 99.00
2020 04 13 03 00 999  9.3 11.3 99.00 99.00 99.00 999 9999.0  23.9 999.0 999.0 99.0 99.00
2020 04 13 04 00 999  6.2  7.7 99.00 99.00 99.00 999 9999.0  24.3 999.0 999.0 99.0 99.00
2020 04 13 05 00 999  5.1  6.2 99.00 99.00 99.00 999 9999.0  23.8 999.0 999.0 99.0 99.00
2020 04 13 06 00 999  4.6  5.1 99.00 99.00 99.00 999 9999.0  23.8 999.0 999.0 99.0 99.00
2020 04 13 07 00 999  2.6  3.1 99.00 99.00 99.00 999 9999.0  23.3 999.0 999.0 99.0 99.00
2020 04 13 08 00 999  2.6  3.6 99.00 99.00 99.00 999 9999.0  23.0 999.0 999.0 99.0 99.00
2020 04 13 09 00 999  0.5  2.1 99.00 99.00 99.00 999 9999.0  23.4 999.0 999.0 99.0 99.00
2020 04 13 10 00 999  2.6  3.6 99.00 99.00 99.00 999 9999.0  23.8 999.0 999.0 99.0 99.00
2020 04 13 11 00 999  2.1  3.6 99.00 99.00 99.00 999 9999.0  23.6 999.0 999.0 99.0 99.00
2020 04 13 12 00 999  3.6  4.6 99.00 99.00 99.00 999 9999.0  21.2 999.0 999.0 99.0 99.00
2020 04 13 13 00 999  3.1  4.6 99.00 99.00 99.00 999 9999.0  20.4 999.0 999.0 99.0 99.00
2020 04 13 14 00 999  2.6  4.6 99.00 99.00 99.00 999 9999.0  19.0 999.0 999.0 99.0 99.00
2020 04 13 15 00 999  3.6  6.2 99.00 99.00 99.00 999 9999.0  18.6 999.0 999.0 99.0 99.00
2020 04 13 16 00 999  3.1  5.7 99.00 99.00 99.00 999 9999.0  18.2 999.0 999.0 99.0 99.00
2020 04 13 17 00 999  4.6  7.2 99.00 99.00 99.00 999 9999.0  18.1 999.0 999.0 99.0 99.00
